,0
0,0.2768
1,0.1438
2,0.4093
3,0.2921
4,0.6184
5,0.6191
6,0.6268
7,0.5201
8,0.6948
9,0.1871
10,0.6962
11,0.1969
12,0.5555
13,0.3091
14,0.3473
15,0.3055
16,0.3383
17,0.6187
18,0.5769
19,0.5794
20,0.2983
21,0.4168
22,0.2927
23,0.6003
24,0.5088
25,0.7583
26,0.3353
27,0.5926
28,0.4041
29,0.2044
30,0.9386
31,0.2671
32,0.4582
33,0.6639
34,0.4011
35,0.316
36,0.658
37,0.3962
38,0.6862
39,0.7269
40,0.6657
41,0.4638
42,0.8356
43,0.2697
44,0.1769
45,0.2306
46,0.8034
47,0.4502
48,0.5425
49,0.6794
50,0.157
51,0.2822
52,0.6931
53,0.3758
54,0.4503
55,0.7223
56,0.8349
57,0.6101
58,0.7268
59,0.6423
60,0.1393
61,0.4119
62,0.317
63,0.195
64,0.7413
65,0.3794
66,0.1413
67,0.5613
68,0.8966
69,0.6094
70,0.4523
71,0.5096
72,0.4005
73,0.2242
74,0.2301
75,0.225
76,0.7664
77,0.1778
78,0.3128
79,0.2813
80,0.7468
81,0.7081
82,0.6133
83,0.9341
84,0.5842
85,0.8772
86,0.2307
87,0.2874
88,0.414
89,0.4075
90,0.2021
91,0.2135
92,0.353
93,0.51
94,0.1495
95,0.1823
96,0.6341
97,0.2512
98,0.384
99,0.5429
100,0.2038
101,0.2306
102,0.3177
103,0.4218
104,0.4702
105,0.3784
106,0.739
107,0.4325
108,0.1607
109,0.687
110,0.4281
111,0.654
112,0.692
113,0.8016
114,0.4375
115,0.9637
116,0.2813
117,0.587
118,0.4305
119,0.7195
120,0.3455
121,0.2519
122,0.3073
123,0.253
124,0.7052
125,0.2386
126,0.1601
127,0.3643
128,0.4293
129,0.4298
130,0.709
131,0.5472
132,0.2695
133,0.4055
134,0.6534
135,0.2819
136,0.6884
137,0.7608
138,0.3366
139,0.6532
140,0.5308
141,0.1602
142,0.1821
143,0.3466
144,0.5592
145,0.4817
146,0.2862
147,0.4019
148,0.5404
149,0.6964
150,0.858
151,0.8227
152,0.6187
153,0.86
154,0.8554
155,0.1819
156,0.2074
157,0.3074
158,0.5067
159,0.4367
160,0.4206
161,0.5427
162,1.0202
163,0.5753
164,0.7326
165,0.9818
166,0.3706
167,0.5014
168,0.637
169,0.3647
170,0.7499
171,0.9758
172,0.6309
173,0.2615
174,0.2848
175,0.7329
176,0.4324
177,0.4366
178,0.2262
179,0.6467
180,0.4505
181,0.3806
182,0.4752
183,0.7848
184,0.7406
185,0.1568
186,0.2506
187,0.9682
188,0.5015
189,0.9739
190,0.4645
191,0.1108
192,0.401
193,0.7894
194,0.5929
195,0.7154
196,0.4028
197,0.3389
198,0.412
199,0.8706
200,0.828
201,0.2455
202,0.317
203,0.3785
204,0.4881
205,0.5846
206,0.3318
207,0.1301
208,0.5795
209,0.6333
210,0.3698
211,0.4078
212,1.159
213,0.5569
214,0.632
215,0.3896
216,0.4957
217,0.1805
218,0.4078
219,0.8575
220,0.3809
221,0.3603
222,0.3663
223,0.2896
224,0.9771
225,0.231
226,0.6079
227,0.2506
228,0.6127
229,0.1618
230,0.8477
231,0.3957
232,0.1548
233,0.2886
234,0.2014
235,0.543
236,0.7463
237,0.8492
238,0.9165
239,0.2481
240,1.3022
241,0.3026
242,0.2604
243,0.6306
244,0.58
245,0.8144
246,0.6928
247,0.6545
248,0.2388
249,0.1556
250,0.5461
251,0.1407
252,0.2275
253,0.5116
254,0.4121
255,0.3385
256,0.4648
257,0.4957
258,0.289
259,0.3711
260,0.4449
261,0.2889
262,0.2246
263,0.7257
264,0.2681
265,0.2773
266,0.6366
267,0.9972
268,0.9226
269,0.3758
270,0.6594
271,0.3363
272,0.1926
273,0.1448
274,0.9286
275,0.7045
276,0.6619
277,0.4535
278,0.771
279,0.4416
280,0.5976
281,0.7313
282,0.2129
283,0.7557
284,0.8818
285,0.303
286,0.7869
287,0.6846
288,0.4629
289,0.1813
290,1.026
291,0.6285
292,0.7703
293,0.3058
294,0.5011
295,0.2703
296,0.4404
297,0.3547
298,0.8807
299,0.667
300,0.1616
301,0.1335
302,0.5423
303,0.486
304,0.2511
305,0.1301
306,0.3826
307,0.4351
308,0.3303
309,0.3766
310,0.1978
311,0.4533
312,0.2803
313,1.0089
314,0.2336
315,0.5267
316,0.508
317,0.6857
318,0.9468
319,0.31
320,0.2688
321,0.5189
322,0.2395
323,0.6671
324,0.6858
325,0.1694
326,0.4698
327,0.4348
328,0.8971
329,0.3879
330,1.2072
331,0.5275
332,0.6764
333,0.6569
334,0.2951
335,0.849
336,0.179
337,1.1694
338,0.9764
339,0.5336
340,1.0466
341,0.2865
342,0.6021
343,0.5535
344,0.4626
345,0.5694
346,0.7231
347,0.2295
348,0.7763
349,0.9645
350,0.6424
351,0.6196
352,0.4117
353,0.1803
354,0.4086
355,0.6371
356,0.5784
357,0.5387
358,0.5031
359,0.7366
360,0.2361
361,0.5721
362,0.245
363,0.3413
364,0.4451
365,0.5597
366,0.469
367,0.2199
368,0.6283
369,0.4824
370,0.2947
371,0.5976
372,0.5869
373,0.3477
374,0.2207
375,0.4504
376,0.3637
377,0.2109
378,0.2178
379,0.9148
380,0.2411
381,0.7673
382,0.2968
383,0.606
384,0.4095
385,0.241
386,0.8645
387,0.596
388,0.6932
389,0.2671
390,0.2647
391,0.3002
392,0.4589
393,0.2698
394,0.8929
395,0.5875
396,0.1389
397,1.0667
398,0.3756
399,0.4282
400,0.3479
401,0.3931
402,0.422
403,0.9077
404,0.6628
405,0.9793
406,0.1709
407,0.8403
408,0.3672
409,0.6867
410,0.764
411,0.2884
412,0.2991
413,0.7433
414,0.4505
415,0.3131
416,0.8149
417,0.4251
418,0.7053
419,0.1196
420,0.2097
421,0.7597
422,0.1387
423,0.6754
424,0.2165
425,0.2259
426,0.2383
427,0.4879
428,0.5999
429,0.612
430,0.6752
431,0.585
432,0.654
433,0.4963
434,0.1136
435,0.6017
436,0.4017
437,0.9236
438,0.3876
439,0.5592
440,0.6201
441,0.515
442,0.3158
443,0.4469
444,0.3813
445,0.3514
446,0.275
447,0.6802
448,0.3675
449,0.3851
450,0.5045
451,0.7391
452,0.4368
453,0.252
454,0.4869
455,0.5332
456,0.379
457,0.3062
458,0.2998
459,0.8585
460,0.3558
461,0.7276
462,0.6986
463,0.4235
464,0.5883
465,0.615
466,0.5694
467,0.3572
468,0.5079
469,0.4974
470,0.4607
471,0.3701
472,0.6775
473,0.5108
474,0.588
475,0.686
476,0.5236
477,0.5934
478,0.6463
479,1.1267
480,0.2423
481,0.595
482,0.3787
483,0.278
484,0.4579
485,0.6783
486,0.4249
487,0.1714
488,0.734
489,0.1809
490,0.8153
491,0.3486
492,0.3
493,0.4714
494,0.6176
495,0.3772
496,0.6
497,0.6866
498,0.3662
499,0.3127
500,0.2064
501,0.6666
502,0.9123
503,0.1959
504,0.1942
505,0.2895
506,0.2128
507,0.2813
508,0.4211
509,0.3178
510,0.7904
511,0.5817
512,0.162
513,0.709
514,0.3584
515,0.3901
516,0.2678
517,0.1587
518,0.4707
519,0.8973
520,0.6392
521,1.1312
522,0.7959
523,0.3296
524,0.5546
525,0.5466
526,0.2075
527,0.4088
528,0.9916
529,0.5284
530,0.393
531,0.277
532,0.2582
533,0.8067
534,0.3677
535,0.9768
536,0.2449
537,0.4033
538,0.6556
539,0.4561
540,0.2965
541,0.1033
542,0.3018
543,0.7146
544,0.6745
545,0.9422
546,0.4666
547,0.2939
548,0.5454
549,0.8473
550,0.9092
551,0.2024
552,0.422
553,0.4091
554,0.2768
555,0.9749
556,0.6146
557,0.5926
558,0.2772
559,1.0216
560,0.9869
561,0.959
562,0.4063
563,0.2215
564,0.1982
565,0.5576
566,0.3195
567,0.941
568,0.231
569,0.8707
570,0.4196
571,0.7465
572,0.6342
573,0.9108
574,0.4803
575,0.1562
576,0.391
577,0.3622
578,0.3391
579,0.7248
580,0.2907
581,0.5431
582,0.6791
583,0.2508
584,0.1623
585,0.4723
586,0.5428
587,0.7336
588,0.576
589,0.6529
590,0.2232
591,0.4513
592,0.2865
593,0.4693
594,0.4755
595,0.5251
596,0.18
597,0.4782
598,0.1282
599,0.8415
600,0.8146
601,0.5454
602,0.6099
603,0.6036
604,0.4421
605,0.2519
606,0.3955
607,0.4252
608,0.7901
609,0.5453
610,0.499
611,0.4655
612,0.2464
613,0.9402
614,0.2776
615,0.2282
616,0.4665
617,0.3962
618,0.8336
619,0.4436
620,0.7212
621,1.0092
622,0.4738
623,0.3517
624,0.516
625,0.5037
626,0.6203
627,0.979
628,0.2522
629,0.7203
630,0.3196
631,0.846
632,0.5224
633,0.4929
634,0.2676
635,0.4798
636,0.2811
637,0.7027
638,0.8506
639,0.179
640,0.7194
641,0.6555
642,0.3339
643,0.1167
644,0.4904
645,0.413
646,1.0403
647,0.3076
648,0.4573
649,0.3648
650,0.6191
651,0.5861
652,1.0354
653,0.3115
654,0.0998
655,0.3795
656,0.6038
657,0.3839
658,0.9836
659,0.1298
660,0.194
661,0.4831
662,0.288
663,0.3155
664,0.3825
665,0.7507
666,0.4853
667,0.9482
668,0.6654
669,0.5527
670,0.5493
671,0.259
672,0.2837
673,0.2679
674,0.3956
675,0.3798
676,0.3416
677,0.2521
678,0.521
679,0.5981
680,0.2393
681,0.3381
682,0.7619
683,0.3842
684,0.6551
685,0.573
686,0.2688
687,0.4382
688,0.2011
689,0.3691
690,0.624
691,0.4234
692,0.8499
693,0.6734
694,0.1795
695,0.1153
696,0.5971
697,0.3251
698,0.2879
699,0.6381
700,0.8003
701,0.4366
702,0.3683
703,0.5058
704,0.9158
705,0.3698
706,0.4889
707,0.7485
708,0.44
709,0.462
710,0.3585
711,0.9924
712,0.185
713,1.1234
714,0.823
715,0.2308
716,0.867
717,0.2745
718,0.2992
719,0.1558
720,0.3073
721,0.3048
722,0.5485
723,0.2332
724,0.4296
725,0.2878
726,0.4127
727,0.221
728,0.5108
729,0.2848
730,0.538
731,0.2466
732,0.1801
733,0.3899
734,0.97
735,0.7735
736,0.3485
737,1.0844
738,0.352
739,0.5267
740,0.3447
741,0.3159
742,0.6244
743,0.896
744,0.4581
745,0.4182
746,0.3784
747,0.6404
748,0.5388
749,0.1896
750,0.8838
751,0.1905
752,0.217
753,0.4783
754,0.301
755,0.9893
756,0.2421
757,0.914
758,0.8263
759,0.5977
760,0.2889
761,0.232
762,0.6545
763,0.6074
764,0.6542
765,0.6634
766,0.8194
767,0.2171
768,0.4542
769,0.7076
770,0.3401
771,0.3541
772,0.2325
773,0.4485
774,0.9906
775,0.3951
776,0.4219
777,0.9159
778,0.3751
779,0.1693
780,0.2156
781,0.2038
782,0.2104
783,0.1803
784,1.2608
785,0.6884
786,0.2317
787,0.1827
788,0.6445
789,0.4423
790,0.5598
791,0.5006
792,0.3153
793,0.182
794,0.4169
795,0.8277
796,0.2579
797,0.6083
798,0.5096
799,0.4175
800,0.2292
801,0.627
802,0.9558
803,0.7707
804,0.8014
805,0.4371
806,1.0644
807,0.6737
808,0.5038
809,0.5101
810,0.6299
811,0.4122
812,0.1536
813,0.682
814,0.906
815,0.6497
816,0.3205
817,0.6263
818,0.1607
819,0.6262
820,0.3731
821,0.452
822,0.4147
823,0.6195
824,0.3218
825,0.5028
826,0.3943
827,0.3219
828,0.711
829,0.7038
830,1.0932
831,0.4739
832,0.6568
833,0.7902
834,0.2879
835,0.629
836,1.1358
837,0.2125
838,0.8447
839,0.5321
840,0.175
841,0.5847
842,0.5367
843,0.5723
844,0.5108
845,0.1881
846,0.3438
847,0.336
848,0.1322
849,0.4298
850,0.5503
851,0.6649
852,0.6619
853,0.4559
854,0.1379
855,0.6744
856,0.7268
857,0.4887
858,0.238
859,0.4759
860,0.7817
861,1.0247
862,0.1866
863,0.3648
864,0.2113
865,0.6723
866,0.7297
867,0.6774
868,0.5376
869,0.422
870,0.442
871,0.3266
872,0.5202
873,0.4653
874,0.2678
875,0.3631
876,0.405
877,0.1439
878,0.5386
879,0.212
880,0.2367
881,0.5575
882,0.1785
883,0.3638
884,0.1327
885,0.7248
886,0.1771
887,0.8432
888,0.6547
889,0.3401
890,0.6982
891,0.4893
892,0.5081
893,0.6636
894,0.6645
895,0.2139
896,0.2945
897,0.2614
898,1.1441
899,1.0604
900,0.2217
901,0.8721
902,0.7426
903,0.2471
904,0.6385
905,0.7332
906,0.4047
907,0.4732
908,0.6155
909,0.252
910,0.665
911,0.6576
912,0.1229
913,0.1409
914,0.579
915,0.342
916,0.5297
917,0.1819
918,0.8671
919,0.7178
920,0.2981
921,0.2326
922,0.4973
923,0.3954
924,0.4496
925,0.412
926,0.1881
927,0.3268
928,0.8004
929,0.3202
930,0.3439
931,1.0103
932,0.6428
933,0.1109
934,0.5681
935,0.8835
936,0.1421
937,0.8037
938,0.4192
939,0.1515
940,0.769
941,0.8457
942,0.2036
943,0.6756
944,0.6094
945,0.3726
946,0.251
947,0.3312
948,0.7616
949,0.9099
950,0.2792
951,0.9035
952,0.5781
953,0.4204
954,0.3114
955,0.5855
956,0.1512
957,0.7596
958,0.5148
959,0.1643
960,0.2731
961,0.7949
962,0.3347
963,0.5698
964,0.6872
965,1.4749
966,0.5595
967,0.2024
968,0.3743
969,0.4849
970,0.5428
971,0.4731
972,0.5571
973,0.3792
974,0.706
975,0.8335
976,0.4935
977,0.4123
978,0.1911
979,0.5261
980,0.6561
981,0.6484
982,0.5109
983,0.3454
984,0.4449
985,0.1695
986,0.3365
987,1.3914
988,0.4081
989,0.4689
990,0.1808
991,0.2337
992,0.4084
993,1.0256
994,0.4483
995,0.8804
996,0.5483
997,0.8536
998,0.5467
999,0.5573
1000,1.0393
1001,0.5161
1002,0.2881
1003,0.7202
1004,0.2088
1005,0.8657
1006,0.2161
1007,0.6539
1008,0.9365
1009,0.4103
1010,0.2348
1011,0.9124
1012,0.6098
1013,0.4655
1014,0.6709
1015,0.7964
1016,0.7362
1017,0.3136
1018,0.9753
1019,0.6491
1020,0.7374
1021,0.5219
1022,0.6667
1023,0.6161
1024,0.8742
1025,0.5991
1026,0.2306
1027,0.473
1028,0.3937
1029,0.1158
1030,0.3474
1031,0.1266
1032,0.7318
1033,0.4385
1034,0.357
1035,0.1367
1036,0.5045
1037,0.1871
1038,1.175
1039,0.517
1040,0.748
1041,0.2397
1042,0.6537
1043,0.7402
1044,0.9759
1045,0.5075
1046,0.7152
1047,0.2018
1048,0.4921
1049,0.3324
1050,0.5388
1051,0.8879
1052,0.3829
1053,0.1638
1054,0.1675
1055,0.959
1056,0.466
1057,0.5131
1058,0.4982
1059,0.6446
1060,0.643
1061,0.4937
1062,0.294
1063,0.6306
1064,0.7261
1065,0.637
1066,0.543
1067,0.4836
1068,0.8368
1069,0.5846
1070,0.6277
1071,0.1335
1072,0.3109
1073,0.4538
1074,0.1542
1075,0.305
1076,0.5256
1077,0.2209
1078,0.4019
1079,0.3289
1080,0.3514
1081,0.9677
1082,0.1513
1083,0.4141
1084,0.3622
1085,0.1954
1086,0.9543
1087,0.4693
1088,0.4453
1089,0.331
1090,0.5822
1091,0.7841
1092,0.7722
1093,0.3519
1094,0.4481
1095,0.1823
1096,0.6693
1097,0.3818
1098,0.1203
1099,0.5216
1100,0.5605
1101,0.4553
1102,0.6092
1103,0.4097
1104,0.7782
1105,0.4644
1106,0.6411
1107,0.4268
1108,0.8496
1109,0.3257
1110,0.7003
1111,0.6
1112,0.2822
1113,0.4718
1114,0.3229
1115,0.5002
1116,0.2294
1117,0.5655
1118,0.4728
1119,0.6705
1120,0.1289
1121,0.4605
1122,0.1884
1123,0.2211
1124,0.1413
1125,0.4298
1126,0.1795
1127,0.3572
1128,0.161
1129,0.388
1130,0.4617
1131,0.2903
1132,0.3708
1133,0.8513
1134,0.6093
1135,0.4886
1136,0.3594
1137,0.5422
1138,0.1755
1139,0.5598
1140,0.3443
1141,0.7592
1142,1.012
1143,0.163
1144,0.6032
1145,0.2534
1146,0.7381
1147,0.4609
1148,0.3949
1149,0.394
1150,0.1994
1151,0.191
1152,0.1972
1153,0.1294
1154,0.1582
1155,0.4932
1156,0.309
1157,0.6303
1158,0.6461
1159,0.6371
1160,0.4087
1161,0.414
1162,0.1846
1163,0.8078
1164,0.2557
1165,0.2426
1166,0.474
1167,0.5063
1168,0.6655
1169,0.5437
1170,0.7241
1171,0.7674
1172,0.1902
1173,0.2327
1174,0.6699
1175,0.5131
1176,0.4372
1177,0.5777
1178,0.2873
1179,0.6781
1180,0.6249
1181,1.0998
1182,0.2963
1183,0.6609
1184,0.571
1185,0.3339
1186,0.802
1187,0.6308
1188,0.2238
1189,0.7616
1190,0.9266
1191,0.6266
1192,0.3151
1193,0.5074
1194,0.7101
1195,0.1776
1196,0.8227
1197,0.4529
1198,0.2548
1199,0.4447
1200,0.8604
1201,0.5367
1202,0.6062
1203,0.2924
1204,0.2633
1205,0.2318
1206,0.4506
1207,0.8097
1208,0.258
1209,0.6875
1210,0.4678
1211,0.6858
1212,0.3611
1213,0.151
1214,0.5034
1215,0.7583
1216,0.143
1217,0.2512
1218,0.5952
1219,0.8212
1220,0.5243
1221,0.2588
1222,0.1599
1223,0.1878
1224,0.2343
1225,0.3539
1226,0.4537
1227,0.2424
1228,0.2451
1229,0.7728
1230,0.2715
1231,0.5071
1232,0.3427
1233,0.2017
1234,0.3971
1235,0.3379
1236,0.4516
1237,0.7056
1238,0.3539
1239,0.8674
1240,0.3536
1241,0.2729
1242,0.2075
1243,0.7802
1244,0.8483
1245,0.5734
1246,0.2558
1247,0.7683
1248,0.5023
1249,1.1901
1250,0.2015
1251,0.7449
1252,0.3791
1253,0.812
1254,0.7791
1255,0.7216
1256,0.6873
1257,0.4177
1258,0.5541
1259,0.7528
1260,0.4072
1261,0.3208
1262,0.6828
1263,0.7272
1264,0.1148
1265,0.5262
1266,0.665
1267,0.5218
1268,0.5555
1269,0.3718
1270,0.1707
1271,0.5372
1272,0.2372
1273,0.6035
1274,0.3761
1275,0.2104
1276,0.8469
1277,0.8588
1278,0.4867
1279,0.7511
1280,0.5604
1281,0.4461
1282,0.4734
1283,0.5011
1284,0.2248
1285,0.5107
1286,0.231
1287,0.6301
1288,0.4918
1289,0.4557
1290,0.9719
1291,0.4422
1292,0.3742
1293,0.2928
1294,0.5124
1295,0.1959
1296,1.1704
1297,0.2079
1298,0.3867
1299,0.2074
1300,0.6177
1301,0.6397
1302,0.502
1303,0.7676
1304,0.932
1305,0.5594
1306,0.708
1307,0.1852
1308,0.8289
1309,0.748
1310,0.2972
1311,0.7736
1312,0.2626
1313,0.8545
1314,0.2434
1315,0.5645
1316,0.4024
1317,0.7993
1318,0.5677
1319,0.3265
1320,0.5038
1321,0.6281
1322,0.5051
1323,0.121
1324,0.2985
1325,0.4463
1326,0.2439
1327,0.5483
1328,0.8072
1329,0.8478
1330,0.3007
1331,0.1585
1332,0.5293
1333,0.2431
1334,0.5171
1335,0.7053
1336,0.7361
1337,0.4312
1338,0.434
1339,0.4463
1340,0.6833
1341,0.5469
1342,0.411
1343,0.5635
1344,0.7131
1345,0.7637
1346,0.2651
1347,0.7139
1348,0.2954
1349,0.3193
1350,0.7227
1351,0.9711
1352,0.4719
1353,1.0022
1354,0.1449
1355,0.4752
1356,0.4397
1357,0.5603
1358,0.529
1359,0.95
1360,0.1856
1361,0.461
1362,0.1438
1363,0.6678
1364,0.7421
1365,0.3503
1366,0.2072
1367,0.5126
1368,0.8732
1369,0.1055
1370,0.5628
1371,0.5965
1372,0.5201
1373,0.3036
1374,0.2557
1375,0.4707
1376,0.2274
1377,0.8014
1378,0.5605
1379,0.5746
1380,1.1434
1381,0.2568
1382,0.3932
1383,0.6236
1384,0.3085
1385,0.2433
1386,0.5447
1387,0.7243
1388,1.0723
1389,0.226
1390,0.4624
1391,0.2199
1392,0.7316
1393,0.2698
1394,0.1846
1395,0.7742
1396,0.816
1397,0.4397
1398,0.3732
1399,0.8154
1400,0.2868
1401,0.8167
1402,0.3846
1403,0.3739
1404,0.6385
1405,0.4759
1406,0.1681
1407,0.2449
1408,0.2109
1409,0.2232
1410,0.2721
1411,0.3512
1412,0.2063
1413,0.3835
1414,0.2369
1415,0.3522
1416,0.7788
1417,0.2387
1418,0.2951
1419,0.7774
1420,0.5767
1421,0.5678
1422,1.0062
1423,0.8641
1424,0.6742
1425,0.3123
1426,1.1217
1427,1.2183
1428,0.4659
1429,0.3001
1430,0.3176
1431,0.7219
1432,0.1063
1433,0.2098
1434,0.2622
1435,0.1838
1436,0.2321
1437,0.4734
1438,0.5486
1439,0.3196
1440,0.4942
1441,0.4834
1442,0.2918
1443,0.177
1444,0.7282
1445,0.151
1446,0.5558
1447,0.2844
1448,1.1011
1449,0.4448
1450,0.5757
1451,0.7127
1452,0.7527
1453,0.1425
1454,0.433
1455,0.3885
1456,0.6205
1457,0.1815
1458,0.4163
1459,0.4651
1460,0.502
1461,0.246
1462,0.6997
1463,0.3666
1464,0.359
1465,0.2058
1466,0.6147
1467,0.3638
1468,0.5101
1469,0.3699
1470,0.4584
1471,0.3679
1472,0.5763
1473,0.4273
1474,0.3054
1475,0.6115
1476,0.2107
1477,0.2701
1478,0.8742
1479,0.3867
1480,0.5069
1481,0.558
1482,0.1386
1483,0.9824
1484,0.3908
1485,0.6631
1486,0.7196
1487,0.251
1488,1.392
1489,0.2075
1490,0.2131
1491,0.8577
1492,0.4278
1493,0.2972
1494,0.2719
1495,0.2218
1496,0.316
1497,0.3254
1498,0.9865
1499,0.3349
1500,0.1294
1501,0.3435
1502,0.5858
1503,0.3901
1504,0.4684
1505,0.3691
1506,0.141
1507,0.3628
1508,0.4148
1509,1.1905
1510,0.7596
1511,0.3403
1512,0.4706
1513,0.5218
1514,0.718
1515,0.7324
1516,0.555
1517,0.167
1518,0.6395
1519,0.2124
1520,0.3515
1521,0.2824
1522,0.6354
1523,0.1344
1524,0.3858
1525,0.6622
1526,0.2577
1527,0.4169
1528,0.6309
1529,0.836
1530,0.386
1531,0.5307
1532,0.4098
1533,0.4042
1534,0.5449
1535,0.3044
1536,0.2081
1537,0.5178
1538,1.1419
1539,0.3094
1540,0.2654
1541,0.5211
1542,0.5465
1543,0.618
1544,0.4708
1545,1.0306
1546,0.7514
1547,0.4537
1548,0.264
1549,1.0555
1550,0.458
1551,0.4993
1552,0.4928
1553,0.1584
1554,0.3969
1555,0.4898
1556,0.2266
1557,0.621
1558,0.7712
1559,0.6582
1560,0.9769
1561,0.3314
1562,0.6523
1563,0.1341
1564,0.5373
1565,0.6137
1566,0.6908
1567,0.6121
1568,0.2753
1569,0.1946
1570,0.4988
1571,0.3672
1572,0.6686
1573,0.7844
1574,0.4067
1575,0.3991
1576,0.6666
1577,1.1198
1578,0.8207
1579,0.3419
1580,0.2113
1581,0.2478
1582,0.5535
1583,0.7711
1584,0.7078
1585,0.5639
1586,0.277
1587,0.7175
1588,0.5361
1589,0.8044
1590,0.2746
1591,1.0154
1592,0.8778
1593,0.4696
1594,0.6626
1595,0.1857
1596,0.4736
1597,0.7371
1598,0.1433
1599,0.4048
1600,0.6745
1601,0.5693
1602,0.8732
1603,0.6568
1604,0.8386
1605,0.4976
1606,0.5924
1607,0.2843
1608,0.4252
1609,0.665
1610,0.59
1611,0.2801
1612,0.9063
1613,0.5778
1614,0.3723
1615,0.3705
1616,0.2173
1617,0.7967
1618,0.5687
1619,0.1396
1620,0.3835
1621,0.6323
1622,0.3888
1623,0.7055
1624,0.5433
1625,0.4862
1626,0.716
1627,0.5599
1628,0.4071
1629,0.5635
1630,0.1022
1631,0.1947
1632,0.6745
1633,0.4746
1634,0.1779
1635,0.2266
1636,0.3434
1637,0.4982
1638,0.3021
1639,0.2388
1640,0.135
1641,0.3657
1642,0.2401
1643,0.7234
1644,1.4243
1645,0.7314
1646,0.7132
1647,0.5123
1648,0.4786
1649,0.338
1650,0.4735
1651,0.5833
1652,0.4465
1653,0.3874
1654,0.4348
1655,0.3628
1656,0.805
1657,0.2234
1658,0.3952
1659,0.3819
1660,0.3845
1661,0.8629
1662,0.5971
1663,0.1341
1664,0.156
1665,1.1469
1666,0.535
1667,0.5389
1668,0.3188
1669,0.1716
1670,0.512
1671,0.8618
1672,0.5103
1673,0.7473
1674,0.3795
1675,0.3664
1676,0.1698
1677,0.6031
1678,0.3171
1679,0.2011
1680,0.1196
1681,0.4898
1682,0.8644
1683,0.9207
1684,1.041
1685,0.6376
1686,0.5201
1687,0.53
1688,0.3327
1689,0.6263
1690,0.8738
1691,0.214
1692,0.6199
1693,0.2929
1694,0.2171
1695,0.6572
1696,0.1739
1697,0.4191
1698,0.6317
1699,0.3903
1700,0.2491
1701,0.6291
1702,0.7129
1703,0.7065
1704,0.593
1705,0.1896
1706,0.6802
1707,0.4272
1708,0.825
1709,0.6725
1710,0.7095
1711,0.472
1712,0.258
1713,0.4273
1714,0.6096
1715,0.4688
1716,0.3065
1717,0.6489
1718,0.1411
1719,0.5166
1720,0.6736
1721,1.0558
1722,0.5424
1723,0.2058
1724,0.8187
1725,1.0471
1726,0.1852
1727,0.5836
1728,0.6508
1729,0.2496
1730,0.4925
1731,0.702
1732,1.2117
1733,0.2362
1734,0.8106
1735,0.5263
1736,1.2627
1737,0.6626
1738,0.4374
1739,0.2857
1740,0.3425
1741,0.3476
1742,0.5816
1743,0.4197
1744,0.8481
1745,0.239
1746,0.6162
1747,0.7845
1748,0.6465
1749,0.4908
1750,0.5086
1751,0.8217
1752,0.3901
1753,0.2208
1754,0.8442
1755,0.3405
1756,0.3033
1757,0.2379
1758,0.57
1759,0.9731
1760,0.7383
1761,0.3506
1762,0.2717
1763,0.8858
1764,0.4415
1765,0.3981
1766,0.8022
1767,0.7293
1768,0.688
1769,0.8514
1770,0.2741
1771,0.4
1772,0.4201
1773,0.4129
1774,0.8017
1775,0.59
1776,0.6273
1777,0.4588
1778,0.4166
1779,0.3301
1780,0.3045
1781,0.2133
1782,0.4826
1783,0.7499
1784,0.7267
1785,0.3268
1786,0.2771
1787,0.3214
1788,0.6264
1789,0.202
1790,0.3433
1791,0.5277
1792,0.6731
1793,0.5418
1794,0.1235
1795,0.1974
1796,0.2195
1797,0.5676
1798,0.8148
1799,0.5452
1800,0.3768
1801,0.3123
1802,0.8779
1803,0.371
1804,0.3071
1805,0.5058
1806,0.368
1807,0.6983
1808,0.8957
1809,0.3177
1810,0.5727
1811,0.9785
1812,0.5087
1813,0.5001
1814,0.4227
1815,0.3526
1816,0.2792
1817,0.505
1818,0.3059
1819,0.2602
1820,0.931
1821,0.1865
1822,0.3121
1823,0.2467
1824,0.8801
1825,0.2583
1826,0.1819
1827,0.2719
1828,1.103
1829,0.6727
1830,0.4594
1831,0.104
1832,0.5673
1833,0.7293
1834,0.6083
1835,0.222
1836,0.3663
1837,1.1248
1838,0.5661
1839,0.3682
1840,0.9166
1841,0.5986
1842,0.5959
1843,0.1751
1844,0.9008
1845,0.4754
1846,0.5558
1847,0.9056
1848,0.568
1849,0.1935
1850,0.807
1851,0.5287
1852,0.3214
1853,0.4308
1854,0.2912
1855,1.0874
1856,0.2684
1857,1.087
1858,0.9341
1859,0.2306
1860,0.2968
1861,1.047
1862,0.5792
1863,0.7645
1864,0.3602
1865,0.3933
1866,0.773
1867,0.3647
1868,0.1808
1869,0.564
1870,0.3907
1871,0.725
1872,0.1676
1873,0.5947
1874,0.2051
1875,0.8434
1876,0.3266
1877,0.3085
1878,0.3769
1879,0.8359
1880,0.753
1881,0.7686
1882,0.6008
1883,0.833
1884,0.2676
1885,0.2282
1886,0.938
1887,0.1711
1888,0.339
1889,0.2994
1890,0.1257
1891,0.727
1892,0.474
1893,0.1338
1894,0.6105
1895,0.1549
1896,0.7478
1897,0.3632
1898,0.4306
1899,0.6162
1900,0.4262
1901,0.5386
1902,0.302
1903,0.2809
1904,0.3129
1905,0.672
1906,0.3729
1907,0.2074
1908,0.9156
1909,0.7763
1910,0.553
1911,0.6282
1912,0.4706
1913,0.3403
1914,0.7126
1915,0.486
1916,1.126
1917,0.5577
1918,0.1779
1919,0.5991
1920,0.4584
1921,0.6806
1922,0.47
1923,0.6999
1924,0.3895
1925,0.3309
1926,0.1352
1927,0.7405
1928,0.1711
1929,0.7311
1930,0.5208
1931,0.359
1932,0.2363
1933,0.4154
1934,0.2886
1935,0.4375
1936,0.6994
1937,0.8261
1938,0.6847
1939,0.6977
1940,0.5628
1941,0.5896
1942,0.9714
1943,0.3548
1944,0.3476
1945,0.8332
1946,0.5319
1947,0.3655
1948,0.3614
1949,0.5241
1950,0.4261
1951,0.2572
1952,0.2596
1953,0.5049
1954,0.6705
1955,0.6851
1956,0.5149
1957,0.2495
1958,0.1749
1959,0.3034
1960,0.6487
1961,0.5264
1962,0.5621
1963,0.6532
1964,0.152
1965,0.3672
1966,0.5028
1967,0.9398
1968,0.1383
1969,0.3228
1970,0.7297
1971,0.4829
1972,0.3626
1973,0.8392
1974,0.9992
1975,0.3659
1976,0.1647
1977,0.248
1978,0.3278
1979,0.7175
1980,0.7648
1981,0.2618
1982,0.7225
1983,0.8409
1984,0.5633
1985,0.9303
1986,0.5106
1987,0.1775
1988,0.2257
1989,0.5629
1990,0.882
1991,0.1748
1992,0.2088
1993,0.7965
1994,0.2727
1995,0.7163
1996,0.6367
1997,0.2172
1998,0.3314
1999,0.1575
2000,0.7064
2001,0.1782
2002,0.761
2003,0.6154
2004,0.1795
2005,0.7132
2006,0.7214
2007,0.2977
2008,0.7994
2009,0.1506
2010,0.4921
2011,0.5735
2012,0.223
2013,0.5872
2014,0.4562
2015,0.99
2016,0.7403
2017,0.1636
2018,0.4105
2019,0.3345
2020,0.7988
2021,0.2999
2022,0.6877
2023,0.9841
2024,0.5341
2025,0.511
2026,0.3812
2027,0.3556
2028,0.3383
2029,0.226
2030,0.4309
2031,0.1703
2032,0.3458
2033,0.4768
2034,0.5912
2035,0.9022
2036,0.4657
2037,0.4125
2038,0.9145
2039,0.1461
2040,0.1736
2041,1.0328
2042,0.1883
2043,0.4341
2044,0.7859
2045,0.7629
2046,0.6177
2047,0.3575
2048,0.8024
2049,0.3622
2050,0.5059
2051,0.9263
2052,0.5316
2053,0.5982
2054,0.157
2055,0.5898
2056,0.7191
2057,0.1383
2058,0.7331
2059,0.4954
2060,0.9346
2061,0.3212
2062,0.5232
2063,0.3846
2064,0.5845
2065,0.3029
2066,0.1551
2067,0.2587
2068,0.6374
2069,0.2148
2070,0.5872
2071,0.1669
2072,0.6079
2073,0.4298
2074,0.7471
2075,0.4667
2076,0.1336
2077,0.3982
2078,1.0075
2079,0.2992
2080,0.4855
2081,0.9923
2082,0.3582
2083,0.6072
2084,0.1849
2085,0.3538
2086,0.2255
2087,0.6513
2088,0.5422
2089,0.9185
2090,0.6264
2091,0.1958
2092,0.6899
2093,0.186
2094,0.2798
2095,0.2332
2096,0.1282
2097,0.4953
2098,0.8156
2099,0.572
2100,0.5024
2101,0.1708
2102,0.5571
2103,0.4493
2104,0.312
2105,0.7429
2106,0.5169
2107,0.3431
2108,0.2006
2109,1.0591
2110,0.6564
2111,0.3354
2112,0.498
2113,0.7093
2114,0.397
2115,0.8979
2116,0.2
2117,0.9733
2118,0.5134
2119,0.2957
2120,0.287
2121,0.2809
2122,0.351
2123,0.6339
2124,0.3034
2125,0.2318
2126,0.7134
2127,0.6535
2128,0.7685
2129,0.5261
2130,0.5755
2131,0.212
2132,0.384
2133,0.5464
2134,0.6811
2135,0.2072
2136,0.1408
2137,0.675
2138,0.4695
2139,0.7084
2140,0.4755
2141,0.2155
2142,0.2445
2143,0.2031
2144,0.399
2145,0.6666
2146,0.5632
2147,0.3134
2148,0.4242
2149,0.4298
2150,0.419
2151,0.7873
2152,0.5595
2153,0.6023
2154,0.3904
2155,0.7613
2156,0.4906
2157,0.5169
2158,0.6507
2159,0.5048
2160,0.5278
2161,0.2601
2162,0.1348
2163,0.2196
2164,0.1207
2165,0.3677
2166,0.5951
2167,0.5842
2168,0.6603
2169,0.1185
2170,0.8373
2171,1.2847
2172,0.1523
2173,1.1584
2174,0.2196
2175,0.5582
2176,0.3111
2177,0.5236
2178,0.5144
2179,0.5333
2180,0.6955
2181,0.6756
2182,0.1693
2183,0.4773
2184,0.408
2185,0.4838
2186,0.3979
2187,0.4802
2188,0.9934
2189,0.982
2190,0.606
2191,0.695
2192,0.8659
2193,0.3418
2194,0.6828
2195,0.1237
2196,0.7502
2197,0.2308
2198,0.1771
2199,0.2359
2200,0.3192
2201,0.7983
2202,0.5721
2203,0.3745
2204,0.5733
2205,0.4886
2206,0.3673
2207,0.8692
2208,0.7042
2209,0.2734
2210,0.4453
2211,0.8897
2212,0.2777
2213,0.7041
2214,0.3774
2215,0.576
2216,0.4568
2217,0.2326
2218,0.4705
2219,0.1602
2220,0.4629
2221,0.9708
2222,0.8931
2223,0.81
2224,0.7168
2225,0.2441
2226,0.12
2227,0.663
2228,0.6577
2229,0.8039
2230,0.4573
2231,0.3335
2232,0.55
2233,0.2089
2234,0.5302
2235,0.2013
2236,0.8036
2237,0.5253
2238,0.5536
2239,0.4256
2240,1.0313
2241,0.7513
2242,0.2443
2243,0.6103
2244,0.2085
2245,0.3264
2246,0.1386
2247,1.021
2248,0.4313
2249,0.7626
2250,1.0687
2251,0.3169
2252,0.1342
2253,0.35
2254,0.3076
2255,0.6485
2256,0.2677
2257,1.226
2258,0.3135
2259,0.2487
2260,0.2455
2261,0.6181
2262,0.513
2263,0.131
2264,0.1582
2265,0.6634
2266,0.1527
2267,0.424
2268,0.7913
2269,0.2109
2270,0.2398
2271,0.1073
2272,0.2209
2273,0.7358
2274,0.7163
2275,0.3598
2276,1.4391
2277,0.271
2278,0.4148
2279,0.7104
2280,0.4842
2281,0.1908
2282,0.2587
2283,0.3683
2284,0.2535
2285,0.6269
2286,0.2556
2287,0.3253
2288,0.4123
2289,0.4252
2290,0.3526
2291,0.4212
2292,0.9752
2293,0.29
2294,0.1509
2295,0.2494
2296,0.8292
2297,0.3189
2298,0.2876
2299,0.3342
2300,0.1789
2301,0.3081
2302,0.1763
2303,0.6677
2304,0.4644
2305,0.2102
2306,0.335
2307,0.5395
2308,0.1653
2309,0.2957
2310,0.7241
2311,0.1593
2312,0.1562
2313,0.2321
2314,0.557
2315,0.7398
2316,0.3491
2317,1.1923
2318,0.5676
2319,0.6168
2320,0.6146
2321,0.6403
2322,0.5045
2323,0.5215
2324,0.6489
2325,0.6016
2326,0.5598
2327,0.5402
2328,0.2278
2329,0.1865
2330,0.1395
2331,0.5531
2332,0.9988
2333,0.8185
2334,0.5302
2335,0.9942
2336,0.3882
2337,0.3545
2338,0.6578
2339,0.7772
2340,0.9876
2341,0.5004
2342,0.8506
2343,0.4611
2344,0.5883
2345,0.1312
2346,0.2629
2347,0.3189
2348,0.6655
2349,0.2896
2350,1.2278
2351,0.3625
2352,0.6358
2353,0.9482
2354,0.2117
2355,0.1981
2356,0.3232
2357,0.1852
2358,0.6909
2359,0.3397
2360,0.3511
2361,0.7612
2362,0.36
2363,0.6352
2364,0.5996
2365,0.1863
2366,0.61
2367,0.3612
2368,0.9056
2369,0.2692
2370,0.2245
2371,0.2681
2372,0.5405
2373,0.326
2374,0.2055
2375,0.4611
2376,0.2227
2377,0.6167
2378,0.4331
2379,0.1994
2380,0.7758
2381,0.6047
2382,0.4643
2383,0.2311
2384,0.42
2385,0.3929
2386,0.2204
2387,0.4848
2388,0.4564
2389,0.6301
2390,1.0859
2391,0.1893
2392,0.7197
2393,0.4185
2394,0.1727
2395,0.3733
2396,0.7564
2397,0.4746
2398,0.3449
2399,0.5857
2400,0.2816
2401,0.7639
2402,0.1903
2403,0.7318
2404,1.1696
2405,0.3781
2406,0.1192
2407,0.5792
2408,0.6523
2409,0.1852
2410,0.5751
2411,0.8537
2412,0.1874
2413,0.3036
2414,1.138
2415,0.4351
2416,0.6923
2417,0.7992
2418,0.8649
2419,0.9769
2420,0.4233
2421,0.7191
2422,0.634
2423,0.5497
2424,0.6926
2425,0.735
2426,0.4533
2427,0.2802
2428,0.8029
2429,0.762
2430,0.3761
2431,0.8552
2432,0.4572
2433,0.6309
2434,0.195
2435,0.6678
2436,0.2328
2437,0.4549
2438,0.4748
2439,0.183
2440,0.3236
2441,0.6532
2442,1.1095
2443,0.2096
2444,0.7886
2445,0.3987
2446,0.814
2447,0.7544
2448,0.5982
2449,0.2534
2450,0.8751
2451,0.5382
2452,0.228
2453,0.3184
2454,0.3202
2455,0.2177
2456,0.1689
2457,0.5428
2458,0.3326
2459,1.019
2460,0.7539
2461,0.2729
2462,0.4177
2463,0.5564
2464,0.6327
2465,0.5946
2466,0.3375
2467,0.8131
2468,1.0868
2469,0.6255
2470,0.5414
2471,0.5657
2472,0.737
2473,0.5418
2474,0.3991
2475,0.3555
2476,0.8368
2477,0.7364
2478,0.3527
2479,0.3185
2480,0.1761
2481,0.6997
2482,0.5717
2483,0.3874
2484,0.5856
2485,0.7074
2486,0.166
2487,0.5135
2488,0.772
2489,0.1723
2490,0.219
2491,0.1885
2492,0.398
2493,0.8403
2494,0.5092
2495,0.3619
2496,0.8508
2497,0.3359
2498,0.3289
2499,1.139
2500,0.733
2501,1.1542
2502,0.3046
2503,0.2941
2504,0.4982
2505,0.2595
2506,0.6729
2507,0.3292
2508,0.852
2509,0.212
2510,0.3466
2511,0.2091
2512,0.2803
2513,0.1585
2514,0.4409
2515,0.2972
2516,0.3529
2517,0.4584
2518,0.3606
2519,0.7681
2520,0.2283
2521,0.4301
2522,0.3447
2523,0.5276
2524,0.8242
2525,0.329
2526,0.493
2527,0.2271
2528,0.5948
2529,0.1705
2530,0.5389
2531,0.3478
2532,0.2469
2533,0.5701
2534,0.3578
2535,0.6097
2536,0.7775
2537,0.1661
2538,0.2406
2539,0.4421
2540,0.794
2541,0.4253
2542,0.9389
2543,0.6033
2544,0.6098
2545,0.1709
2546,0.2837
2547,0.668
2548,0.6285
2549,0.7008
2550,0.2974
2551,0.5404
2552,0.4039
2553,0.1143
2554,0.433
2555,0.6483
2556,0.3232
2557,0.5901
2558,0.9027
2559,0.2109
2560,0.2153
2561,0.668
2562,0.3179
2563,0.2115
2564,0.684
2565,0.3366
2566,0.6827
2567,0.7724
2568,0.5113
2569,0.2222
2570,0.4614
2571,0.4617
2572,0.3553
2573,0.6364
2574,0.4984
2575,0.4764
2576,0.5712
2577,1.1674
2578,0.4584
2579,0.5289
2580,0.802
2581,0.4564
2582,0.7793
2583,0.3799
2584,0.2407
2585,0.4224
2586,0.2317
2587,0.8088
2588,0.6945
2589,0.8802
2590,0.8216
2591,0.3625
2592,0.647
2593,0.126
2594,0.2307
2595,0.2396
2596,0.7408
2597,0.3122
2598,0.2164
2599,0.241
2600,0.4286
2601,0.5074
2602,0.558
2603,0.2353
2604,0.3435
2605,0.657
2606,0.5273
2607,0.1311
2608,0.439
2609,0.4987
2610,0.6032
2611,0.9051
2612,0.3538
2613,0.7521
2614,0.2077
2615,0.1764
2616,0.5558
2617,0.1788
2618,0.6817
2619,0.2824
2620,0.3514
2621,0.9674
2622,0.6815
2623,0.5573
2624,0.8287
2625,0.1945
2626,0.2247
2627,0.817
2628,1.1238
2629,0.6007
2630,0.6421
2631,0.7934
2632,0.35
2633,0.861
2634,0.1571
2635,0.4565
2636,0.4546
2637,0.4417
2638,0.3935
2639,0.2988
2640,0.2331
2641,0.8919
2642,0.2584
2643,0.352
2644,0.4955
2645,0.2146
2646,0.1859
2647,0.3253
2648,0.3946
2649,0.3415
2650,0.6598
2651,0.3505
2652,0.3286
2653,0.4696
2654,0.3563
2655,0.465
2656,0.788
2657,0.5361
2658,0.493
2659,0.5773
2660,0.5977
2661,0.7015
2662,0.495
2663,0.1925
2664,0.8109
2665,1.1334
2666,0.502
2667,0.2067
2668,0.3986
2669,0.7164
2670,0.3917
2671,0.2014
2672,0.2836
2673,0.3744
2674,0.7405
2675,0.8087
2676,0.5234
2677,0.5068
2678,0.4653
2679,0.4262
2680,0.2785
2681,0.5641
2682,0.7382
2683,0.4821
2684,0.6034
2685,0.3095
2686,0.7264
2687,0.2484
2688,0.1424
2689,1.0679
2690,1.0429
2691,0.4666
2692,1.1076
2693,0.8421
2694,0.2639
2695,0.2519
2696,0.5767
2697,0.2251
2698,0.1964
2699,0.2801
2700,0.5756
2701,0.3929
2702,0.6598
2703,0.3516
2704,0.2582
2705,0.5114
2706,0.5095
2707,0.3539
2708,0.1872
2709,0.4332
2710,0.6033
2711,0.3752
2712,0.4876
2713,0.6346
2714,0.2903
2715,0.3409
2716,0.2927
2717,0.2732
2718,0.44
2719,0.5309
2720,0.1507
2721,0.6748
2722,0.1868
2723,0.2141
2724,1.0501
2725,0.664
2726,0.1222
2727,0.8847
2728,0.3737
2729,0.2804
2730,0.181
2731,0.4585
2732,1.0719
2733,0.3816
2734,0.2792
2735,0.5441
2736,0.5003
2737,0.7726
2738,0.7173
2739,0.3424
2740,0.511
2741,0.3751
2742,0.1889
2743,0.6259
2744,0.3521
2745,0.1572
2746,0.6288
2747,0.6445
2748,0.519
2749,0.2586
2750,0.7698
2751,1.1021
2752,0.5375
2753,0.6311
2754,0.4587
2755,0.8336
2756,0.3558
2757,0.3607
2758,0.8657
2759,0.1991
2760,0.6836
2761,0.638
2762,0.293
2763,0.333
2764,0.5385
2765,0.5659
2766,0.8055
2767,0.3306
2768,0.5766
2769,0.6164
2770,0.2909
2771,0.8339
2772,0.9076
2773,0.8351
2774,0.8826
2775,0.5561
2776,0.7038
2777,0.6862
2778,0.4524
2779,0.5091
2780,0.4105
2781,0.3337
2782,0.2795
2783,0.8787
2784,0.4186
2785,0.9257
2786,0.248
2787,0.2714
2788,0.2208
2789,0.1954
2790,0.6046
2791,0.8308
2792,0.8647
2793,0.4361
2794,0.4871
2795,0.2814
2796,0.4503
2797,0.6086
2798,0.3763
2799,0.6178
2800,0.6151
2801,0.3402
2802,0.8082
2803,0.5774
2804,0.3558
2805,0.4916
2806,0.5972
2807,0.1566
2808,0.2789
2809,0.5196
2810,1.0977
2811,0.7633
2812,0.4301
2813,0.1655
2814,0.8745
2815,0.6822
2816,0.2219
2817,0.3974
2818,0.3475
2819,0.6044
2820,0.1351
2821,0.2275
2822,0.7094
2823,0.644
2824,0.3994
2825,0.4447
2826,0.5677
2827,0.1612
2828,0.6969
2829,0.7158
2830,0.4773
2831,0.3115
2832,0.6437
2833,0.6112
2834,0.2278
2835,0.4367
2836,0.5928
2837,0.9059
2838,0.628
2839,0.8382
2840,1.1209
2841,0.302
2842,0.1489
2843,0.4929
2844,0.1808
2845,0.3254
2846,0.2514
2847,0.2081
2848,0.3607
2849,0.1966
2850,0.8146
2851,1.3048
2852,0.3024
2853,0.373
2854,0.5688
2855,0.48
2856,0.5475
2857,0.2579
2858,0.2681
2859,0.7931
2860,0.7431
2861,1.1516
2862,0.3205
2863,0.3798
2864,0.5241
2865,0.4218
2866,0.6135
2867,0.8012
2868,0.4459
2869,0.5245
2870,0.537
2871,0.2917
2872,0.4783
2873,0.3722
2874,1.1376
2875,0.9331
2876,0.1206
2877,0.1594
2878,0.2333
2879,0.4215
2880,0.4543
2881,0.5865
2882,0.2033
2883,0.628
2884,0.4004
2885,0.4114
2886,0.2937
2887,0.3702
2888,0.5978
2889,0.8231
2890,0.3794
2891,0.3221
2892,0.2753
2893,0.5779
2894,0.7601
2895,0.8838
2896,0.9352
2897,0.1957
2898,0.5796
2899,0.5366
2900,0.1169
2901,0.6372
2902,0.6116
2903,0.4751
2904,0.2093
2905,0.4893
2906,0.66
2907,0.6649
2908,1.2278
2909,0.3961
2910,0.8797
2911,0.3845
2912,0.4397
2913,0.3086
2914,0.345
2915,0.7235
2916,0.1491
2917,0.4945
2918,0.5469
2919,0.8057
2920,0.7702
2921,0.1701
2922,0.503
2923,0.2856
2924,0.199
2925,0.225
2926,0.6289
2927,0.1748
2928,0.1777
2929,0.1719
2930,0.4768
2931,0.8528
2932,0.5317
2933,0.6653
2934,0.9107
2935,0.9238
2936,0.204
2937,0.6191
2938,1.0474
2939,0.207
2940,0.7063
2941,0.7565
2942,0.3575
2943,0.3113
2944,0.902
2945,0.3402
2946,0.8494
2947,0.6102
2948,0.4919
2949,1.0464
2950,0.2767
2951,0.2125
2952,0.309
2953,0.2804
2954,0.7019
2955,1.2085
2956,0.2809
2957,0.2356
2958,0.5694
2959,0.804
2960,0.224
2961,0.2954
2962,0.3078
2963,0.3847
2964,0.1569
2965,0.3626
2966,0.6486
2967,0.3735
2968,0.2209
2969,0.2991
2970,0.3511
2971,0.669
2972,0.6265
2973,0.3247
2974,0.1967
2975,0.5266
2976,0.5549
2977,0.5774
2978,0.5328
2979,0.2888
2980,0.6004
2981,0.3963
2982,0.2989
2983,0.871
2984,0.4933
2985,0.1769
2986,0.2664
2987,0.7408
2988,0.2596
2989,0.1736
2990,0.2895
2991,0.4404
2992,0.2166
2993,0.3423
2994,0.1421
2995,0.8593
2996,0.5195
2997,0.4544
2998,0.2682
2999,0.7748
3000,0.6928
3001,0.4209
3002,0.1837
3003,0.2895
3004,0.376
3005,0.519
3006,0.7013
3007,0.3763
3008,0.2428
3009,0.4264
3010,0.1537
3011,0.173
3012,0.6645
3013,0.4735
3014,0.4956
3015,0.1706
3016,0.5893
3017,0.5862
3018,0.2291
3019,1.009
3020,0.3123
3021,0.4552
3022,0.6276
3023,0.3462
3024,0.3618
3025,0.1525
3026,0.6728
3027,0.6733
3028,0.392
3029,0.5597
3030,0.6294
3031,0.3702
3032,0.7958
3033,0.3149
3034,0.5644
3035,0.5635
3036,0.8665
3037,0.2839
3038,0.6455
3039,0.4501
3040,0.7465
3041,1.0236
3042,0.5966
3043,0.1845
3044,0.4387
3045,0.2602
3046,0.3702
3047,0.2623
3048,0.1494
3049,0.4979
3050,0.7552
3051,0.2238
3052,0.5861
3053,1.1062
3054,0.4879
3055,0.7016
3056,0.459
3057,0.886
3058,0.6341
3059,0.4148
3060,0.442
3061,0.1826
3062,0.362
3063,0.447
3064,0.4638
3065,0.3439
3066,0.4111
3067,0.2593
3068,0.9135
3069,0.4137
3070,0.3287
3071,1.0662
3072,0.7224
3073,0.1557
3074,0.3686
3075,0.2331
3076,0.484
3077,0.7278
3078,0.6976
3079,0.3564
3080,0.6105
3081,0.3763
3082,0.6409
3083,0.4918
3084,0.5829
3085,0.2152
3086,0.6778
3087,1.0171
3088,0.3202
3089,0.7669
3090,0.6229
3091,0.6678
3092,1.1965
3093,0.2934
3094,0.3299
3095,0.8019
3096,0.3954
3097,0.6362
3098,0.5876
3099,0.1945
3100,0.8073
3101,0.6311
3102,0.3625
3103,0.1942
3104,1.0139
3105,0.5938
3106,0.1522
3107,0.4617
3108,0.4721
3109,0.4456
3110,0.2778
3111,0.3746
3112,0.5078
3113,0.3888
3114,0.4057
3115,0.365
3116,0.3498
3117,0.6989
3118,0.4135
3119,0.6219
3120,0.4018
3121,0.9049
3122,0.7428
3123,0.8359
3124,0.3705
3125,0.4059
3126,0.2679
3127,0.1787
3128,0.6434
3129,0.1452
3130,0.0997
3131,0.6202
3132,0.8255
3133,0.6434
3134,1.2488
3135,0.6979
3136,0.4109
3137,0.3315
3138,0.3902
3139,0.7509
3140,0.4699
3141,0.6152
3142,0.3214
3143,0.3405
3144,0.2628
3145,0.399
3146,0.6088
3147,0.4533
3148,0.3962
3149,0.4957
3150,0.2687
3151,0.434
3152,0.4235
3153,0.4038
3154,0.3417
3155,0.4607
3156,0.3168
3157,0.8139
3158,1.2257
3159,0.688
3160,0.4098
3161,0.6821
3162,0.2471
3163,0.5838
3164,0.2895
3165,0.5506
3166,0.2709
3167,0.2714
3168,0.7783
3169,0.1253
3170,0.6066
3171,0.4839
3172,1.2024
3173,0.4116
3174,0.4662
3175,0.4229
3176,1.2051
3177,0.5363
3178,0.2375
3179,0.6395
3180,0.1371
3181,0.9033
3182,1.1218
3183,0.1563
3184,0.565
3185,0.4499
3186,0.2934
3187,0.6371
3188,0.998
3189,0.5457
3190,0.2551
3191,0.5308
3192,0.3836
3193,0.4657
3194,0.7752
3195,0.3718
3196,0.3908
3197,0.9439
3198,0.3978
3199,0.5527
3200,1.2006
3201,0.6279
3202,0.6412
3203,0.5473
3204,0.2078
3205,0.9373
3206,0.8247
3207,0.3084
3208,0.5474
3209,0.1939
3210,0.6343
3211,0.4104
3212,0.7204
3213,0.5328
3214,1.3381
3215,0.8402
3216,0.9509
3217,0.3471
3218,0.7977
3219,0.2781
3220,1.0539
3221,0.4963
3222,0.4196
3223,0.717
3224,0.4224
3225,0.8643
3226,0.8856
3227,0.9225
3228,0.7511
3229,0.4922
3230,1.1473
3231,0.2792
3232,0.5493
3233,0.2727
3234,0.4329
3235,0.2616
3236,0.5233
3237,0.1931
3238,0.6978
3239,0.8426
3240,0.1244
3241,0.6837
3242,0.2638
3243,0.9042
3244,0.5649
3245,0.3248
3246,0.5442
3247,0.1954
3248,0.8516
3249,1.0052
3250,0.3143
3251,0.4708
3252,0.9589
3253,0.5002
3254,0.1946
3255,0.6903
3256,0.2585
3257,0.6476
3258,0.1432
3259,0.658
3260,0.2771
3261,0.7371
3262,0.257
3263,0.3218
3264,0.6868
3265,0.508
3266,0.5532
3267,0.3323
3268,0.4674
3269,0.2063
3270,0.6584
3271,0.2382
3272,0.4149
3273,0.2984
3274,0.4067
3275,0.8825
3276,0.8603
3277,0.5742
3278,0.4849
3279,0.5493
3280,0.218
3281,0.1651
3282,0.9444
3283,0.3112
3284,0.3025
3285,0.4316
3286,0.665
3287,0.6474
3288,0.2382
3289,0.2651
3290,0.8475
3291,0.681
3292,0.6518
3293,0.7642
3294,0.5156
3295,0.5908
3296,0.6809
3297,0.5658
3298,0.6416
3299,0.3885
3300,0.8886
3301,0.4893
3302,0.4278
3303,0.7595
3304,0.6773
3305,0.1448
3306,0.186
3307,0.4145
3308,0.5475
3309,0.2897
3310,0.1961
3311,1.0991
3312,0.2783
3313,0.4818
3314,0.1396
3315,0.8948
3316,0.8653
3317,0.5981
3318,0.4367
3319,0.4056
3320,0.1378
3321,0.4826
3322,0.5519
3323,0.2758
3324,0.4491
3325,0.3239
3326,0.5066
3327,0.2078
3328,0.9772
3329,0.3462
3330,0.9607
3331,0.2232
3332,0.496
3333,0.3868
3334,0.7424
3335,0.2846
3336,0.4403
3337,0.3355
3338,0.7353
3339,0.7341
3340,0.2408
3341,0.2647
3342,0.1575
3343,0.3623
3344,0.3989
3345,0.6033
3346,0.7238
3347,0.1663
3348,0.6982
3349,0.2168
3350,0.3909
3351,0.2051
3352,0.3725
3353,0.8592
3354,0.4241
3355,0.393
3356,0.4216
3357,0.5773
3358,0.9582
3359,0.2158
3360,0.3653
3361,0.2683
3362,0.6531
3363,0.527
3364,0.3839
3365,0.4965
3366,0.2565
3367,0.6006
3368,0.8215
3369,0.4388
3370,0.5352
3371,0.1506
3372,0.1256
3373,0.9945
3374,0.4795
3375,0.2351
3376,0.3739
3377,0.6304
3378,0.2431
3379,0.2569
3380,0.3225
3381,0.244
3382,0.6708
3383,0.2208
3384,0.4656
3385,0.6063
3386,0.7023
3387,0.61
3388,0.7036
3389,0.3911
3390,0.1043
3391,0.5974
3392,0.6316
3393,0.3481
3394,0.7749
3395,0.1383
3396,0.1285
3397,0.3179
3398,0.1603
3399,0.4755
3400,0.1515
3401,0.2188
3402,0.2161
3403,0.3381
3404,0.8101
3405,0.2162
3406,0.2473
3407,0.9545
3408,0.2248
3409,0.6667
3410,0.9795
3411,0.9492
3412,0.7656
3413,0.7582
3414,0.9339
3415,0.5421
3416,0.4903
3417,0.2689
3418,0.413
3419,0.7881
3420,1.0094
3421,0.7971
3422,0.1683
3423,0.5899
3424,0.319
3425,0.7182
3426,0.629
3427,0.9193
3428,0.4808
3429,0.4138
3430,0.446
3431,0.5133
3432,0.4018
3433,0.2804
3434,0.3781
3435,0.3939
3436,0.2469
3437,0.2087
3438,0.2208
3439,0.3003
3440,0.8539
3441,0.6343
3442,0.4198
3443,0.2654
3444,1.3353
3445,0.419
3446,0.8533
3447,0.343
3448,0.4685
3449,0.1684
3450,0.5675
3451,0.7407
3452,0.1042
3453,0.4974
3454,0.6159
3455,0.7316
3456,0.2955
3457,1.2101
3458,0.5897
3459,1.0399
3460,0.4122
3461,0.7852
3462,0.1356
3463,0.8489
3464,0.7025
3465,0.514
3466,0.203
3467,0.3979
3468,0.4145
3469,0.3905
3470,0.3531
3471,0.464
3472,0.6154
3473,0.5281
3474,0.696
3475,0.5628
3476,0.3765
3477,0.9565
3478,0.768
3479,0.6435
3480,0.2421
3481,0.5224
3482,0.5324
3483,0.2904
3484,0.2042
3485,0.585
3486,0.2298
3487,0.5832
3488,0.4559
3489,0.7054
3490,0.4767
3491,0.6971
3492,0.4639
3493,0.115
3494,0.4681
3495,0.2471
3496,0.8792
3497,0.5608
3498,0.5446
3499,0.4261
3500,0.3021
3501,0.6071
3502,0.7413
3503,0.2414
3504,0.7496
3505,0.584
3506,0.1956
3507,0.3019
3508,0.4097
3509,0.5183
3510,0.2692
3511,0.1873
3512,0.5799
3513,0.5332
3514,0.7475
3515,0.9619
3516,0.4962
3517,0.4197
3518,0.5447
3519,0.5138
3520,0.2103
3521,0.5103
3522,0.5825
3523,0.4169
3524,0.1636
3525,0.6942
3526,0.1395
3527,0.2031
3528,0.5391
3529,0.5031
3530,0.6252
3531,1.0892
3532,0.813
3533,0.6765
3534,0.2509
3535,0.4051
3536,0.2097
3537,1.0012
3538,0.2203
3539,0.8148
3540,0.803
3541,0.2228
3542,0.1949
3543,0.1404
3544,0.7256
3545,0.2976
3546,0.397
3547,0.1902
3548,0.2889
3549,0.761
3550,0.2959
3551,0.2136
3552,0.2477
3553,0.3137
3554,0.3431
3555,0.5468
3556,0.6876
3557,0.4422
3558,0.2291
3559,0.1958
3560,0.4357
3561,0.5575
3562,0.3237
3563,0.2391
3564,0.5271
3565,0.1456
3566,0.7328
3567,0.2173
3568,0.7653
3569,0.6938
3570,0.5453
3571,0.676
3572,0.1815
3573,0.2914
3574,0.6574
3575,0.2974
3576,0.5109
3577,0.3306
3578,0.7333
3579,0.7364
3580,0.7568
3581,0.4124
3582,0.3848
3583,0.3644
3584,0.43
3585,0.7301
3586,0.5448
3587,0.3406
3588,0.4568
3589,0.3792
3590,0.6402
3591,1.0732
3592,0.285
3593,0.5891
3594,0.4177
3595,0.8411
3596,0.5271
3597,0.3096
3598,0.3401
3599,0.3884
3600,0.4977
3601,0.7084
3602,0.5204
3603,0.4258
3604,0.2578
3605,0.738
3606,0.6395
3607,0.8691
3608,0.5008
3609,0.6215
3610,0.243
3611,0.3273
3612,0.5664
3613,0.3775
3614,0.2098
3615,0.2785
3616,0.6778
3617,1.1083
3618,0.4218
3619,0.7124
3620,0.3133
3621,0.4796
3622,0.6957
3623,0.2604
3624,0.7954
3625,0.5841
3626,0.239
3627,0.5225
3628,0.824
3629,0.813
3630,0.4159
3631,0.2395
3632,0.4922
3633,0.15
3634,0.2204
3635,0.6057
3636,0.6308
3637,0.6481
3638,0.4655
3639,0.2063
3640,0.3465
3641,0.4998
3642,0.6618
3643,0.3077
3644,0.2737
3645,0.3457
3646,1.0785
3647,0.5163
3648,0.8073
3649,0.4662
3650,0.6142
3651,0.5437
3652,0.9155
3653,0.5451
3654,0.3903
3655,0.2716
3656,0.8433
3657,0.9663
3658,0.4609
3659,0.3578
3660,0.3046
3661,0.5669
3662,0.6915
3663,0.3785
3664,0.7213
3665,0.5957
3666,0.1325
3667,0.8558
3668,0.3291
3669,0.3149
3670,0.2039
3671,0.8493
3672,0.7123
3673,0.864
3674,0.4169
3675,1.2049
3676,0.6704
3677,0.2789
3678,0.2838
3679,0.1509
3680,0.4391
3681,0.6675
3682,0.448
3683,0.759
3684,0.7844
3685,0.21
3686,0.5113
3687,0.5892
3688,0.1667
3689,0.6087
3690,0.7057
3691,0.4993
3692,0.0954
3693,0.3599
3694,0.3999
3695,0.499
3696,0.5703
3697,0.2934
3698,0.18
3699,0.435
3700,0.4342
3701,0.5577
3702,0.67
3703,0.7583
3704,0.1706
3705,0.5973
3706,0.3368
3707,0.2648
3708,0.4553
3709,0.6518
3710,0.242
3711,0.4152
3712,0.8653
3713,0.2564
3714,0.6576
3715,0.2969
3716,0.4503
3717,0.3845
3718,0.3651
3719,0.2055
3720,0.5254
3721,0.3082
3722,0.579
3723,0.4199
3724,0.4587
3725,0.3769
3726,0.1853
3727,0.3966
3728,0.3137
3729,0.4807
3730,0.3678
3731,0.8822
3732,0.4715
3733,0.4723
3734,0.1604
3735,0.3241
3736,0.3763
3737,0.2563
3738,0.7484
3739,0.3765
3740,0.2873
3741,0.3652
3742,0.2712
3743,0.118
3744,0.2993
3745,0.3148
3746,0.7195
3747,0.8411
3748,1.0665
3749,0.3741
3750,0.7633
3751,0.1473
3752,1.077
3753,0.3612
3754,0.6474
3755,0.4818
3756,0.6813
3757,0.241
3758,0.3071
3759,0.6044
3760,0.245
3761,0.6862
3762,0.4874
3763,0.4521
3764,0.1573
3765,0.2247
3766,0.4728
3767,0.3073
3768,0.2006
3769,0.3144
3770,0.5387
3771,0.5176
3772,0.7808
3773,0.5948
3774,1.0105
3775,0.1985
3776,0.7217
3777,0.5271
3778,0.971
3779,0.7962
3780,0.2307
3781,1.0378
3782,0.2326
3783,0.4866
3784,0.4596
3785,0.6175
3786,0.5123
3787,0.9826
3788,0.4518
3789,0.694
3790,0.6816
3791,0.824
3792,0.3409
3793,0.5002
3794,0.1183
3795,0.5336
3796,0.6255
3797,0.7682
3798,0.2702
3799,0.1855
3800,0.3464
3801,0.6965
3802,0.4607
3803,0.6199
3804,1.0111
3805,0.3751
3806,0.3613
3807,0.5042
3808,0.5783
3809,0.8897
3810,0.1719
3811,0.3596
3812,0.6937
3813,1.155
3814,0.4451
3815,0.3794
3816,0.3337
3817,0.3186
3818,0.2107
3819,0.7156
3820,0.4916
3821,0.2922
3822,0.6337
3823,0.6912
3824,0.4283
3825,0.312
3826,0.3223
3827,0.9268
3828,0.4988
3829,0.693
3830,0.5079
3831,0.4639
3832,0.3919
3833,0.3928
3834,0.1432
3835,0.4858
3836,0.8599
3837,0.2874
3838,1.0351
3839,0.2083
3840,0.3505
3841,0.661
3842,0.8434
3843,0.646
3844,0.168
3845,0.9432
3846,0.2291
3847,0.3345
3848,0.7022
3849,0.709
3850,0.6732
3851,0.5148
3852,0.4257
3853,0.6764
3854,0.5125
3855,0.7147
3856,0.5348
3857,0.5574
3858,0.686
3859,0.2475
3860,0.208
3861,0.4552
3862,0.426
3863,0.2912
3864,0.7295
3865,0.5817
3866,0.4094
3867,0.3626
3868,0.7107
3869,0.2482
3870,0.4247
3871,0.5118
3872,0.4449
3873,0.3823
3874,0.1474
3875,0.7343
3876,0.2523
3877,0.6518
3878,0.3253
3879,0.139
3880,0.5643
3881,0.254
3882,0.7724
3883,0.9367
3884,0.2394
3885,0.3951
3886,0.4886
3887,0.1557
3888,0.5628
3889,0.6798
3890,0.3578
3891,1.3017
3892,0.9357
3893,0.4439
3894,0.5361
3895,0.6297
3896,0.3366
3897,0.5601
3898,0.1165
3899,0.2674
3900,0.2468
3901,0.6375
3902,0.7797
3903,0.9565
3904,0.3435
3905,0.4481
3906,0.1631
3907,0.2649
3908,0.3579
3909,1.1195
3910,0.299
3911,0.1773
3912,0.6844
3913,0.5137
3914,0.6882
3915,0.2247
3916,0.6158
3917,0.2761
3918,0.3583
3919,0.6242
3920,0.4533
3921,0.393
3922,0.4811
3923,1.0409
3924,0.296
3925,0.5186
3926,0.8484
3927,0.5476
3928,0.4248
3929,0.8757
3930,0.5228
3931,0.1415
3932,0.5987
3933,0.4316
3934,0.4511
3935,0.6031
3936,0.8358
3937,0.3442
3938,0.8551
3939,0.6524
3940,0.7271
3941,0.6001
3942,1.1027
3943,1.0998
3944,0.4901
3945,0.6953
3946,0.2919
3947,0.5561
3948,0.3803
3949,1.0377
3950,0.5949
3951,1.0963
3952,0.6312
3953,0.8237
3954,0.4964
3955,0.3587
3956,0.6089
3957,0.1851
3958,0.4436
3959,0.4456
3960,0.4586
3961,0.3541
3962,1.0315
3963,0.3265
3964,0.4351
3965,0.5535
3966,0.5561
3967,0.6595
3968,0.6319
3969,0.5114
3970,0.5222
3971,0.8235
3972,0.2083
3973,0.6086
3974,0.3744
3975,0.7927
3976,0.9197
3977,0.3533
3978,0.3723
3979,0.9938
3980,0.5482
3981,0.8433
3982,0.1863
3983,0.4488
3984,0.1608
3985,0.5475
3986,0.5133
3987,0.5596
3988,0.3066
3989,0.9182
3990,0.183
3991,0.1662
3992,0.7044
3993,1.0527
3994,0.416
3995,0.5963
3996,0.5719
3997,0.4394
3998,0.3526
3999,1.028
4000,0.4003
4001,0.8939
4002,0.3356
4003,0.4018
4004,0.2343
4005,0.716
4006,0.3964
4007,0.2444
4008,0.2866
4009,0.1612
4010,0.2501
4011,0.9632
4012,0.6924
4013,0.3651
4014,0.7622
4015,0.6995
4016,0.6952
4017,0.2834
4018,0.134
4019,0.2552
4020,0.5786
4021,0.9281
4022,0.1831
4023,1.2761
4024,0.1861
4025,0.1858
4026,0.0994
4027,0.5179
4028,0.3198
4029,0.6372
4030,0.2679
4031,0.2416
4032,0.3615
4033,0.9137
4034,0.8908
4035,0.6978
4036,0.3271
4037,0.6093
4038,0.445
4039,0.4
4040,0.7475
4041,0.8437
4042,0.5814
4043,0.6947
4044,0.3881
4045,0.4385
4046,0.1447
4047,0.1982
4048,0.1523
4049,0.587
4050,1.0079
4051,0.5154
4052,0.3998
4053,0.5088
4054,0.6374
4055,0.4071
4056,0.9344
4057,0.3689
4058,0.5872
4059,0.2024
4060,0.617
4061,0.6404
4062,0.2198
4063,0.2052
4064,0.6953
4065,0.43
4066,0.5435
4067,0.3299
4068,0.76
4069,0.3095
4070,0.5483
4071,0.975
4072,0.4881
4073,0.7506
4074,0.4884
4075,0.3404
4076,0.3131
4077,0.1846
4078,0.7581
4079,0.511
4080,0.7033
4081,0.2486
4082,0.307
4083,0.3312
4084,0.1483
4085,0.4288
4086,0.1222
4087,0.4499
4088,0.3312
4089,0.2397
4090,0.4696
4091,0.451
4092,0.4351
4093,0.2071
4094,0.18
4095,0.4203
4096,0.4188
4097,0.823
4098,0.2528
4099,0.2599
4100,0.3544
4101,1.0036
4102,0.6633
4103,0.4776
4104,0.2345
4105,0.7913
4106,0.3676
4107,0.5344
4108,0.3148
4109,0.6394
4110,0.3315
4111,0.517
4112,0.132
4113,0.7901
4114,0.3868
4115,0.7365
4116,0.3653
4117,0.3536
4118,0.3154
4119,0.9262
4120,0.2441
4121,0.1773
4122,0.3224
4123,0.2599
4124,0.4273
4125,0.4606
4126,0.6101
4127,0.4015
4128,0.3444
4129,0.4328
4130,0.3673
4131,0.8773
4132,0.5262
4133,1.038
4134,0.6236
4135,0.7087
4136,0.6903
4137,1.0434
4138,0.7436
4139,0.5617
4140,0.1039
4141,0.5426
4142,0.6927
4143,0.5761
4144,0.5231
4145,0.2866
4146,0.674
4147,0.8444
4148,1.0836
4149,0.6251
4150,0.5404
4151,0.24
4152,0.4129
4153,1.0958
4154,0.8718
4155,0.1844
4156,0.6388
4157,0.2826
4158,0.459
4159,0.8802
4160,0.6324
4161,0.314
4162,0.4668
4163,0.4209
4164,0.4613
4165,0.373
4166,1.1421
4167,0.2339
4168,0.8281
4169,0.7418
4170,1.2383
4171,0.2715
4172,0.5023
4173,0.7892
4174,0.2667
4175,0.3055
4176,0.1598
4177,0.5686
4178,0.686
4179,0.4345
4180,0.7335
4181,0.2749
4182,0.3283
4183,0.3144
4184,0.5212
4185,0.7201
4186,0.6338
4187,0.3734
4188,0.6661
4189,0.2038
4190,0.3996
4191,0.1746
4192,0.781
4193,0.4413
4194,0.6752
4195,0.7113
4196,0.7892
4197,0.4737
4198,0.0893
4199,0.7047
4200,0.4143
4201,0.195
4202,0.5376
4203,0.2723
4204,0.563
4205,0.3858
4206,0.274
4207,0.6659
4208,1.1613
4209,0.6844
4210,0.8978
4211,0.4418
4212,0.4158
4213,0.6648
4214,0.4392
4215,0.5703
4216,0.8799
4217,0.3151
4218,0.9208
4219,0.2235
4220,0.6396
4221,0.4339
4222,0.7576
4223,0.6921
4224,0.7888
4225,0.51
4226,0.1961
4227,0.4885
4228,0.8059
4229,0.405
4230,0.1947
4231,0.5666
4232,0.1833
4233,0.2091
4234,0.4736
4235,0.6503
4236,0.2154
4237,0.6375
4238,0.2279
4239,0.7347
4240,0.2427
4241,0.1695
4242,0.5393
4243,0.6519
4244,0.5892
4245,0.224
4246,0.3825
4247,0.1541
4248,0.4769
4249,0.7612
4250,0.4083
4251,0.5021
4252,0.7687
4253,0.1575
4254,0.4443
4255,0.2882
4256,0.2626
4257,0.1801
4258,0.4426
4259,0.1989
4260,0.3707
4261,0.4735
4262,0.3789
4263,0.5773
4264,0.2196
4265,0.6723
4266,0.6869
4267,0.5475
4268,0.3727
4269,0.5312
4270,0.2982
4271,0.4467
4272,0.3532
4273,0.2095
4274,0.3972
4275,0.277
4276,0.5254
4277,0.2138
4278,0.3042
4279,0.8088
4280,0.9067
4281,0.5838
4282,0.5291
4283,0.4124
4284,0.4623
4285,0.3942
4286,0.8695
4287,0.3404
4288,0.4365
4289,0.758
4290,0.3634
4291,0.2896
4292,0.7012
4293,0.2758
4294,0.9978
4295,0.3997
4296,0.2326
4297,0.6353
4298,0.6212
4299,0.5067
4300,0.5089
4301,0.575
4302,0.3484
4303,0.5457
4304,0.0714
4305,0.3302
4306,0.4087
4307,0.4403
4308,0.3276
4309,0.3816
4310,0.2092
4311,0.2807
4312,0.4197
4313,0.6373
4314,0.8338
4315,0.5238
4316,0.9454
4317,0.3177
4318,0.4146
4319,0.3766
4320,0.6543
4321,0.7608
4322,0.231
4323,0.6832
4324,0.9749
4325,0.4092
4326,0.3574
4327,0.3553
4328,0.8849
4329,0.4107
4330,0.5835
4331,0.3673
4332,0.6406
4333,0.1735
4334,0.5526
4335,0.775
4336,0.5834
4337,0.3579
4338,0.2589
4339,0.71
4340,0.7468
4341,0.5635
4342,0.1715
4343,0.5067
4344,0.1404
4345,0.534
4346,0.6567
4347,0.5221
4348,0.9223
4349,0.7513
4350,0.3402
4351,0.2826
4352,0.4679
4353,0.4374
4354,0.3352
4355,0.6332
4356,0.8163
4357,0.8043
4358,0.2262
4359,1.1535
4360,0.36
4361,0.7646
4362,0.7456
4363,0.2427
4364,0.3711
4365,0.1991
4366,0.2055
4367,0.3226
4368,0.6252
4369,0.343
4370,0.1714
4371,0.9924
4372,0.5187
4373,0.2969
4374,0.2598
4375,0.2134
4376,0.7798
4377,0.3558
4378,0.3529
4379,0.1685
4380,0.4581
4381,0.2513
4382,0.15
4383,0.6351
4384,0.5002
4385,0.6808
4386,0.4775
4387,0.3972
4388,0.2219
4389,0.4591
4390,0.3075
4391,0.5003
4392,0.6958
4393,0.848
4394,0.9688
4395,0.7218
4396,0.5629
4397,0.3046
4398,0.3106
4399,0.4697
4400,0.1776
4401,0.8187
4402,0.9024
4403,0.6312
4404,0.6735
4405,0.1573
4406,0.145
4407,0.5162
4408,0.8243
4409,0.4792
4410,0.7801
4411,0.5165
4412,0.7287
4413,0.6262
4414,0.4648
4415,0.6384
4416,0.2536
4417,0.1784
4418,0.7018
4419,0.4482
4420,1.4345
4421,0.9694
4422,0.4003
4423,0.1815
4424,0.3364
4425,0.7152
4426,1.0853
4427,0.4138
4428,0.5163
4429,0.6129
4430,0.6292
4431,0.2856
4432,0.2318
4433,0.3405
4434,0.7091
4435,0.2864
4436,0.6895
4437,0.4795
4438,0.2417
4439,0.5954
4440,0.3885
4441,0.4944
4442,0.2829
4443,0.6508
4444,0.1823
4445,0.7189
4446,0.12
4447,0.5909
4448,0.6322
4449,0.9
4450,0.6085
4451,0.4503
4452,0.4801
4453,0.6041
4454,0.3048
4455,0.3183
4456,0.5827
4457,0.4299
4458,0.7044
4459,0.2938
4460,0.4931
4461,0.121
4462,0.412
4463,0.2528
4464,0.6635
4465,0.9976
4466,0.8263
4467,0.2077
4468,0.373
4469,0.6121
4470,0.53
4471,0.3464
4472,0.542
4473,0.4947
4474,0.6165
4475,0.8002
4476,0.4314
4477,0.2847
4478,0.7487
4479,0.8328
4480,0.7658
4481,0.3855
4482,0.4098
4483,0.2353
4484,0.3466
4485,0.1905
4486,0.7854
4487,0.5056
4488,0.6289
4489,0.5705
4490,0.3597
4491,0.7716
4492,0.5537
4493,0.9159
4494,0.1623
4495,0.4695
4496,0.1116
4497,1.1486
4498,0.3941
4499,0.7198
4500,0.5267
4501,0.6461
4502,0.308
4503,0.531
4504,0.3831
4505,1.6048
4506,0.4268
4507,0.9625
4508,0.6376
4509,0.2956
4510,0.3332
4511,1.3274
4512,0.4375
4513,0.597
4514,0.464
4515,0.2399
4516,0.2261
4517,0.4714
4518,0.4212
4519,0.796
4520,0.5216
4521,0.4405
4522,0.4669
4523,0.4765
4524,0.2633
4525,0.4515
4526,0.7642
4527,0.6567
4528,0.2261
4529,0.3067
4530,0.594
4531,0.9159
4532,0.6936
4533,0.3041
4534,0.662
4535,0.5701
4536,0.595
4537,0.1386
4538,0.4674
4539,0.3402
4540,0.4867
4541,0.1549
4542,0.4199
4543,0.3155
4544,0.6363
4545,0.3069
4546,0.2212
4547,0.4736
4548,0.5168
4549,0.2816
4550,0.3877
4551,0.7404
4552,0.4705
4553,0.6043
4554,0.2019
4555,0.9439
4556,0.8052
4557,0.9804
4558,0.196
4559,0.9711
4560,0.7273
4561,0.4638
4562,0.6746
4563,1.0389
4564,0.8158
4565,0.9101
4566,0.2924
4567,0.1707
4568,0.6676
4569,0.3635
4570,0.5927
4571,0.8129
4572,0.5611
4573,0.7991
4574,0.5878
4575,0.6586
4576,0.8938
4577,0.2157
4578,0.8419
4579,0.3633
4580,0.4636
4581,0.716
4582,0.3554
4583,0.5811
4584,0.7049
4585,0.2838
4586,0.1613
4587,0.5321
4588,0.2307
4589,0.2585
4590,0.982
4591,0.2876
4592,0.4189
4593,0.2332
4594,0.1306
4595,0.3689
4596,0.6011
4597,0.6818
4598,0.2326
4599,0.6454
4600,0.7657
4601,0.4668
4602,0.3981
4603,0.4659
4604,0.2017
4605,0.5332
4606,0.404
4607,0.1828
4608,0.4336
4609,0.7494
4610,0.5115
4611,0.4776
4612,0.3088
4613,0.4217
4614,0.3008
4615,0.5724
4616,0.7475
4617,0.8908
4618,0.145
4619,0.6877
4620,0.4302
4621,0.1402
4622,0.3464
4623,0.3025
4624,0.2342
4625,0.9468
4626,0.3429
4627,0.7257
4628,0.7882
4629,0.2434
4630,0.2251
4631,0.6049
4632,0.2219
4633,0.2421
4634,0.5889
4635,0.3279
4636,0.2025
4637,0.6608
4638,0.6412
4639,0.3326
4640,0.8405
4641,0.5402
4642,0.5996
4643,0.6343
4644,0.2049
4645,0.45
4646,0.5041
4647,0.2624
4648,0.77
4649,0.2503
4650,0.5509
4651,0.4159
4652,0.3939
4653,0.3196
4654,0.2601
4655,0.6492
4656,0.3868
4657,0.3662
4658,0.245
4659,0.5757
4660,0.734
4661,0.1946
4662,0.4041
4663,0.4683
4664,0.3207
4665,0.4737
4666,0.2192
4667,0.3285
4668,0.5116
4669,0.1415
4670,0.29
4671,0.2856
4672,0.9905
4673,0.3071
4674,0.1984
4675,0.5558
4676,0.9356
4677,0.4435
4678,0.2065
4679,0.4051
4680,0.6691
4681,0.3642
4682,0.3816
4683,0.4191
4684,0.7539
4685,0.7922
4686,0.401
4687,0.9309
4688,0.5609
4689,0.8106
4690,0.4787
4691,0.491
4692,0.5026
4693,0.3013
4694,0.7779
4695,0.418
4696,0.0887
4697,0.7459
4698,0.2997
4699,0.4953
4700,0.6545
4701,0.1546
4702,0.5557
4703,0.3406
4704,0.5758
4705,0.4279
4706,1.1199
4707,0.3244
4708,0.8463
4709,0.2793
4710,0.2677
4711,0.1645
4712,0.315
4713,0.5803
4714,1.2988
4715,0.3754
4716,0.4507
4717,0.1846
4718,0.5656
4719,0.9992
4720,0.3891
4721,0.3829
4722,0.3251
4723,0.6303
4724,0.8312
4725,0.2816
4726,0.5209
4727,0.2504
4728,0.2556
4729,0.539
4730,0.7743
4731,0.7162
4732,0.8608
4733,0.1392
4734,0.4485
4735,0.2615
4736,0.5046
4737,0.4793
4738,0.2724
4739,0.4504
4740,0.5855
4741,0.7244
4742,0.3218
4743,0.3456
4744,0.5055
4745,0.6418
4746,0.296
4747,0.661
4748,0.621
4749,0.3903
4750,0.578
4751,0.6404
4752,0.7643
4753,0.5538
4754,0.351
4755,0.3465
4756,0.7202
4757,0.2574
4758,0.2304
4759,0.2261
4760,1.0056
4761,1.1481
4762,0.3599
4763,0.7102
4764,0.5581
4765,0.4505
4766,0.3578
4767,0.1493
4768,0.4686
4769,0.2865
4770,0.5126
4771,0.4757
4772,0.7033
4773,0.6422
4774,0.5892
4775,0.5844
4776,0.6318
4777,0.6643
4778,1.0823
4779,0.6418
4780,0.5765
4781,0.4273
4782,0.5065
4783,0.5372
4784,0.6306
4785,0.36
4786,0.5836
4787,0.2168
4788,0.2069
4789,0.1541
4790,0.5939
4791,0.336
4792,0.6547
4793,0.3042
4794,0.6037
4795,0.723
4796,0.6102
4797,0.1926
4798,0.1875
4799,0.4698
4800,0.7696
4801,0.2368
4802,0.2869
4803,0.6381
4804,0.9231
4805,0.4136
4806,0.2331
4807,1.2369
4808,0.6126
4809,0.8125
4810,0.6076
4811,0.4059
4812,0.6812
4813,0.1471
4814,0.0793
4815,0.5096
4816,0.4387
4817,0.2005
4818,0.1632
4819,0.4327
4820,0.4646
4821,0.4513
4822,0.3193
4823,0.1497
4824,0.7466
4825,0.4639
4826,0.5537
4827,0.6971
4828,0.7646
4829,0.6273
4830,0.1539
4831,0.8382
4832,0.4712
4833,0.5885
4834,0.6716
4835,0.127
4836,0.7219
4837,0.8598
4838,0.1876
4839,0.4046
4840,0.7885
4841,0.2911
4842,0.6677
4843,0.4954
4844,0.2969
4845,0.8017
4846,0.244
4847,0.1509
4848,0.4009
4849,0.6384
4850,0.2355
4851,0.5839
4852,0.511
4853,0.7371
4854,0.6931
4855,0.235
4856,0.7687
4857,0.8339
4858,0.2801
4859,0.8708
4860,0.4898
4861,0.1883
4862,0.297
4863,0.4415
4864,0.2385
4865,0.2963
4866,0.4172
4867,0.505
4868,0.5759
4869,0.6659
4870,0.4807
4871,0.2558
4872,0.6977
4873,0.6793
4874,0.3766
4875,0.3949
4876,0.5687
4877,1.0385
4878,0.477
4879,0.4802
4880,0.2043
4881,0.4381
4882,0.6712
4883,0.4188
4884,0.1074
4885,0.3511
4886,0.8467
4887,0.6485
4888,0.8503
4889,0.1451
4890,0.4819
4891,0.9219
4892,0.4962
4893,0.4893
4894,0.7267
4895,0.4332
4896,0.2384
4897,0.4344
4898,0.2722
4899,0.2682
4900,0.2953
4901,0.6718
4902,0.5718
4903,0.3362
4904,0.4875
4905,0.6901
4906,0.5771
4907,0.5625
4908,0.7335
4909,0.7232
4910,0.2791
4911,0.1655
4912,0.4947
4913,0.3907
4914,0.2241
4915,0.7055
4916,0.7737
4917,1.0837
4918,0.6208
4919,0.6654
4920,0.6412
4921,0.1412
4922,0.2172
4923,0.6097
4924,0.3823
4925,0.5469
4926,0.6254
4927,0.6727
4928,0.6271
4929,0.1949
4930,0.5923
4931,0.2466
4932,0.4868
4933,0.3233
4934,0.734
4935,0.8119
4936,0.9778
4937,0.4826
4938,0.5985
4939,1.0063
4940,0.3041
4941,0.6288
4942,0.24
4943,0.5474
4944,0.1208
4945,0.7153
4946,0.4119
4947,0.5579
4948,0.3867
4949,0.6359
4950,0.5412
4951,0.6546
4952,0.2827
4953,0.399
4954,0.22
4955,0.391
4956,0.3018
4957,0.4362
4958,0.4118
4959,0.7701
4960,0.3458
4961,0.4138
4962,0.2657
4963,0.1901
4964,0.6822
4965,0.408
4966,0.8303
4967,0.2015
4968,0.1557
4969,0.2176
4970,0.4336
4971,0.749
4972,0.5112
4973,0.0983
4974,0.2927
4975,0.1614
4976,0.2794
4977,0.1262
4978,0.5927
4979,0.3917
4980,0.6952
4981,0.4424
4982,0.3611
4983,0.4948
4984,0.2366
4985,0.4423
4986,0.2533
4987,1.1736
4988,0.5567
4989,0.5704
4990,0.3318
4991,0.4746
4992,0.2329
4993,0.1966
4994,0.4621
4995,0.282
4996,0.2002
4997,0.2775
4998,0.8019
4999,0.1641
5000,0.3373
5001,0.646
5002,0.6111
5003,0.3687
5004,0.203
5005,0.3064
5006,0.1504
5007,0.2115
5008,0.354
5009,0.7871
5010,0.5118
5011,0.2975
5012,0.2884
5013,0.6041
5014,0.315
5015,0.4006
5016,0.7587
5017,0.3545
5018,0.6701
5019,0.592
5020,0.3694
5021,0.3423
5022,0.6095
5023,0.777
5024,0.4144
5025,0.3933
5026,0.5738
5027,0.8578
5028,1.1633
5029,0.6347
5030,0.172
5031,0.3164
5032,0.7381
5033,0.492
5034,0.1503
5035,0.9261
5036,0.5483
5037,0.2192
5038,0.5956
5039,0.4965
5040,0.5879
5041,0.2587
5042,0.6472
5043,0.3403
5044,0.2681
5045,0.5259
5046,0.4346
5047,0.3439
5048,0.2612
5049,0.5659
5050,0.8652
5051,0.4213
5052,0.5769
5053,0.5323
5054,0.2095
5055,0.8406
5056,0.4078
5057,0.2299
5058,0.2431
5059,0.7083
5060,0.4124
5061,0.2617
5062,0.4039
5063,0.6326
5064,0.6901
5065,0.4732
5066,0.4238
5067,0.508
5068,0.4925
5069,0.5728
5070,0.6663
5071,0.2734
5072,0.4641
5073,0.273
5074,0.6654
5075,0.2173
5076,0.6016
5077,0.2075
5078,0.7217
5079,0.5232
5080,0.1136
5081,0.4013
5082,0.4555
5083,0.4907
5084,0.1537
5085,0.2003
5086,0.425
5087,0.449
5088,0.2313
5089,0.3813
5090,0.3096
5091,0.3223
5092,0.3422
5093,0.1378
5094,0.6486
5095,0.5952
5096,0.5302
5097,0.3256
5098,0.4994
5099,0.389
5100,0.9821
5101,0.6954
5102,1.129
5103,0.6164
5104,0.4034
5105,0.2738
5106,0.3642
5107,0.5658
5108,0.6211
5109,0.2717
5110,0.4458
5111,0.6193
5112,0.813
5113,0.3771
5114,0.4783
5115,0.3938
5116,1.0305
5117,0.3537
5118,0.1972
5119,0.8051
5120,0.5419
5121,0.4248
5122,0.2758
5123,0.363
5124,0.5328
5125,1.2253
5126,0.5058
5127,0.1815
5128,0.3044
5129,0.3187
5130,0.5693
5131,0.7875
5132,0.8606
5133,0.1554
5134,0.5004
5135,0.2393
5136,0.7565
5137,0.3381
5138,0.8618
5139,0.7424
5140,0.4169
5141,0.329
5142,0.4519
5143,1.0091
5144,0.6041
5145,0.3231
5146,0.3324
5147,0.6945
5148,0.8205
5149,0.3567
5150,0.3596
5151,0.7401
5152,0.1748
5153,0.2005
5154,0.6351
5155,0.1685
5156,0.8279
5157,0.5544
5158,0.496
5159,0.2122
5160,0.4053
5161,0.2556
5162,0.9329
5163,0.1179
5164,0.307
5165,0.3009
5166,0.2996
5167,0.2761
5168,0.2023
5169,0.5154
5170,0.2545
5171,0.4298
5172,0.5463
5173,0.9148
5174,0.3443
5175,0.6758
5176,0.5848
5177,0.4022
5178,0.6878
5179,0.3627
5180,0.6705
5181,0.8385
5182,0.799
5183,0.4954
5184,0.317
5185,0.1979
5186,0.3193
5187,0.5893
5188,0.4633
5189,0.6257
5190,0.6149
5191,0.306
5192,1.2286
5193,0.1496
5194,0.5276
5195,0.666
5196,0.7384
5197,0.2484
5198,0.4338
5199,0.2587
5200,0.23
5201,0.7117
5202,0.9684
5203,0.4603
5204,0.2694
5205,0.4564
5206,0.3109
5207,0.7445
5208,0.2657
5209,0.5296
5210,0.3253
5211,0.656
5212,0.4547
5213,0.9612
5214,0.3688
5215,0.8303
5216,0.5778
5217,0.3551
5218,0.9909
5219,0.3958
5220,0.297
5221,0.3517
5222,0.44
5223,0.6808
5224,0.5801
5225,1.4207
5226,0.5633
5227,0.5475
5228,0.6403
5229,1.0844
5230,0.8472
5231,0.2814
5232,0.6833
5233,0.327
5234,1.4138
5235,0.4477
5236,0.2917
5237,0.2535
5238,0.4481
5239,0.4091
5240,0.5563
5241,0.4359
5242,0.2939
5243,0.2561
5244,0.2381
5245,0.2179
5246,0.47
5247,0.7681
5248,0.3505
5249,0.4477
5250,0.6908
5251,0.2975
5252,0.3106
5253,0.4204
5254,0.6903
5255,1.1973
5256,0.4356
5257,0.2114
5258,0.6654
5259,0.61
5260,0.3306
5261,0.38
5262,0.4041
5263,0.7185
5264,0.5265
5265,0.3021
5266,0.311
5267,0.5473
5268,0.8476
5269,0.2311
5270,0.4694
5271,0.8734
5272,0.6479
5273,0.661
5274,0.4003
5275,0.3574
5276,0.6829
5277,0.5641
5278,1.1407
5279,0.3377
5280,0.2693
5281,0.2441
5282,0.2788
5283,0.6718
5284,0.6623
5285,0.1839
5286,0.8027
5287,0.3298
5288,0.723
5289,0.5559
5290,0.8473
5291,0.4947
5292,0.362
5293,0.6027
5294,0.5289
5295,0.3922
5296,0.2311
5297,0.3612
5298,0.2147
5299,0.609
5300,0.3012
5301,0.2667
5302,0.9795
5303,0.3089
5304,0.1378
5305,0.291
5306,0.7417
5307,0.2067
5308,0.1266
5309,0.6174
5310,0.5201
5311,0.2844
5312,0.5505
5313,0.7188
5314,0.1422
5315,0.3449
5316,0.3792
5317,0.2112
5318,0.6901
5319,0.7912
5320,0.943
5321,0.6694
5322,0.4505
5323,0.5534
5324,0.7632
5325,0.847
5326,0.762
5327,0.5816
5328,0.5221
5329,0.1972
5330,0.6438
5331,0.4889
5332,0.5699
5333,0.8711
5334,0.5132
5335,1.2274
5336,0.34
5337,1.1053
5338,0.6479
5339,0.4629
5340,1.0181
5341,0.3425
5342,0.4895
5343,0.4488
5344,0.569
5345,0.4192
5346,0.5839
5347,0.2613
5348,0.8475
5349,0.2805
5350,0.1233
5351,0.2232
5352,0.3596
5353,0.9226
5354,0.4244
5355,0.8012
5356,0.3094
5357,0.9596
5358,0.2991
5359,0.4431
5360,0.24
5361,0.728
5362,0.6479
5363,0.4598
5364,0.7388
5365,0.9808
5366,0.3739
5367,0.976
5368,0.8093
5369,0.1798
5370,0.9228
5371,0.4766
5372,0.6429
5373,0.1612
5374,0.5962
5375,0.5079
5376,0.882
5377,0.7048
5378,0.3506
5379,0.229
5380,0.4355
5381,0.5098
5382,0.3582
5383,0.1666
5384,0.3338
5385,0.2094
5386,0.7786
5387,0.3078
5388,1.0041
5389,0.655
5390,0.4386
5391,0.4803
5392,0.3187
5393,0.8916
5394,0.6652
5395,0.4217
5396,0.1947
5397,0.3922
5398,0.6004
5399,0.1307
5400,0.481
5401,0.1963
5402,0.7347
5403,0.5331
5404,0.9271
5405,0.3196
5406,0.6313
5407,0.3536
5408,0.8225
5409,0.7066
5410,0.5362
5411,0.6957
5412,0.7325
5413,0.4477
5414,0.5744
5415,0.2822
5416,0.4085
5417,0.2496
5418,0.3922
5419,0.6191
5420,0.2802
5421,0.3778
5422,0.3784
5423,0.8686
5424,0.4136
5425,0.8313
5426,0.1586
5427,0.1468
5428,0.706
5429,0.6395
5430,0.4075
5431,0.6547
5432,0.7332
5433,0.6673
5434,0.3535
5435,0.8249
5436,0.2271
5437,0.8918
5438,0.386
5439,0.6402
5440,0.2019
5441,0.9065
5442,0.937
5443,0.7931
5444,0.5646
5445,0.4015
5446,0.6136
5447,0.592
5448,0.1764
5449,0.7496
5450,0.4189
5451,0.8506
5452,0.3871
5453,0.3941
5454,0.1346
5455,0.3207
5456,0.2703
5457,0.5398
5458,0.7312
5459,0.6251
5460,0.2137
5461,0.2674
5462,0.4762
5463,0.6843
5464,0.2866
5465,1.1464
5466,0.5225
5467,0.7662
5468,0.8035
5469,0.3816
5470,0.3867
5471,0.8716
5472,0.4367
5473,0.3379
5474,0.4949
5475,0.1324
5476,0.3686
5477,0.6108
5478,0.3937
5479,0.2508
5480,0.3906
5481,0.3351
5482,0.381
5483,0.6518
5484,0.4312
5485,0.6535
5486,0.4696
5487,0.3912
5488,0.2072
5489,0.5628
5490,0.5039
5491,0.63
5492,0.7082
5493,0.6054
5494,0.2368
5495,0.2087
5496,0.3161
5497,0.3641
5498,0.6872
5499,0.309
5500,0.7442
5501,0.5919
5502,0.6947
5503,0.3477
5504,0.1985
5505,0.6482
5506,0.7431
5507,0.6636
5508,0.3273
5509,0.404
5510,0.9015
5511,0.5795
5512,0.5338
5513,0.6371
5514,0.5761
5515,0.5553
5516,0.6365
5517,0.6347
5518,0.217
5519,0.4823
5520,0.6413
5521,0.52
5522,0.4199
5523,0.4976
5524,0.5481
5525,0.4585
5526,0.4244
5527,0.4681
5528,0.2728
5529,0.4003
5530,1.0035
5531,0.4797
5532,0.5132
5533,0.7186
5534,0.3966
5535,0.8611
5536,0.3297
5537,0.6281
5538,0.5337
5539,0.6643
5540,0.4794
5541,0.4762
5542,0.1847
5543,0.1651
5544,0.387
5545,0.267
5546,0.2678
5547,0.6514
5548,0.4302
5549,0.895
5550,0.7614
5551,0.733
5552,0.8606
5553,0.813
5554,0.1852
5555,0.5893
5556,0.4748
5557,0.7098
5558,0.3541
5559,0.4695
5560,1.1291
5561,0.3965
5562,0.4045
5563,0.3945
5564,0.123
5565,0.5836
5566,0.3082
5567,0.4844
5568,0.5681
5569,0.4333
5570,0.4362
5571,0.4555
5572,0.5956
5573,0.4901
5574,0.9467
5575,0.4109
5576,0.516
5577,0.4094
5578,0.5873
5579,0.231
5580,0.7429
5581,0.5311
5582,0.6287
5583,0.3751
5584,0.8263
5585,0.1782
5586,0.2834
5587,0.7246
5588,0.531
5589,0.7515
5590,0.2638
5591,0.4152
5592,1.0283
5593,0.2595
5594,0.3286
5595,0.3402
5596,0.2861
5597,1.0213
5598,0.3733
5599,0.5161
5600,0.5026
5601,0.9307
5602,0.3475
5603,0.3224
5604,1.1529
5605,0.1321
5606,0.6892
5607,0.9071
5608,0.3923
5609,0.3892
5610,0.2606
5611,0.4591
5612,0.4986
5613,0.165
5614,0.3301
5615,0.2285
5616,0.4262
5617,0.5417
5618,0.4155
5619,0.4575
5620,0.1742
5621,0.4825
5622,0.7433
5623,0.2563
5624,0.6107
5625,0.6657
5626,0.8063
5627,0.2866
5628,0.6113
5629,0.2146
5630,0.1568
5631,0.7283
5632,0.4465
5633,0.6243
5634,0.8954
5635,0.3886
5636,0.5476
5637,0.3887
5638,0.3347
5639,0.5471
5640,0.9476
5641,0.4485
5642,0.2714
5643,0.7715
5644,0.8707
5645,1.1809
5646,0.3354
5647,0.5632
5648,0.5665
5649,0.1087
5650,0.5332
5651,1.273
5652,0.7232
5653,0.2505
5654,0.2289
5655,0.3446
5656,0.6223
5657,1.1072
5658,0.4089
5659,0.6913
5660,0.4578
5661,0.4836
5662,0.1935
5663,0.223
5664,0.6954
5665,0.3763
5666,0.3267
5667,0.5423
5668,0.6807
5669,0.5703
5670,0.2352
5671,1.0191
5672,0.2056
5673,0.3525
5674,0.3358
5675,0.3904
5676,0.4883
5677,0.5026
5678,0.3877
5679,0.9577
5680,0.7769
5681,0.8032
5682,0.2699
5683,0.9516
5684,0.8303
5685,0.2036
5686,0.4462
5687,0.2736
5688,0.7896
5689,0.4253
5690,0.4867
5691,0.4544
5692,0.4311
5693,0.3073
5694,0.2242
5695,0.248
5696,0.4741
5697,0.515
5698,0.2388
5699,0.305
5700,0.5575
5701,0.347
5702,0.1299
5703,0.518
5704,0.1498
5705,0.8091
5706,0.3713
5707,0.2799
5708,0.5225
5709,0.2473
5710,0.1937
5711,0.204
5712,0.7818
5713,0.3216
5714,0.3747
5715,0.4088
5716,0.5474
5717,0.183
5718,0.3596
5719,0.3784
5720,0.655
5721,0.465
5722,0.4835
5723,0.5274
5724,0.2747
5725,0.6607
5726,0.5046
5727,0.544
5728,0.2388
5729,0.9929
5730,0.1493
5731,0.5351
5732,0.5082
5733,0.2314
5734,0.3664
5735,0.4198
5736,0.3374
5737,0.574
5738,0.4193
5739,0.5171
5740,0.4047
5741,0.7296
5742,0.8222
5743,0.352
5744,0.331
5745,0.6308
5746,0.3417
5747,0.4737
5748,0.3483
5749,0.8118
5750,0.5264
5751,0.4927
5752,0.5447
5753,0.2451
5754,0.9816
5755,0.2482
5756,0.5736
5757,0.6594
5758,0.6866
5759,0.5108
5760,1.3311
5761,0.26
5762,0.2948
5763,0.6123
5764,0.3906
5765,0.7805
5766,0.5613
5767,0.1753
5768,0.6739
5769,0.6218
5770,0.2137
5771,0.223
5772,1.0619
5773,0.3682
5774,0.4883
5775,0.5087
5776,0.2675
5777,0.3878
5778,0.5944
5779,0.3447
5780,0.5604
5781,0.2761
5782,0.5002
5783,1.0443
5784,0.3602
5785,1.1473
5786,0.2672
5787,0.2269
5788,0.2113
5789,0.3134
5790,0.4711
5791,0.3024
5792,0.5546
5793,0.8273
5794,0.3111
5795,0.6273
5796,0.5843
5797,0.9037
5798,0.2439
5799,0.093
5800,0.628
5801,0.3176
5802,0.8575
5803,0.6196
5804,1.045
5805,0.7623
5806,0.5793
5807,0.3173
5808,0.2372
5809,0.1436
5810,0.7176
5811,0.26
5812,0.4439
5813,0.9805
5814,0.9386
5815,0.967
5816,0.6329
5817,0.1591
5818,0.4648
5819,0.2024
5820,0.3834
5821,0.4295
5822,1.0399
5823,0.8506
5824,0.5368
5825,0.6127
5826,0.8517
5827,0.306
5828,0.9061
5829,1.0682
5830,0.2229
5831,0.5597
5832,0.5315
5833,0.2749
5834,0.3757
5835,0.5243
5836,0.2769
5837,0.8161
5838,0.276
5839,0.6475
5840,0.3696
5841,0.5093
5842,0.3697
5843,0.7411
5844,0.4362
5845,0.4581
5846,0.1867
5847,0.5381
5848,0.2803
5849,0.5199
5850,0.729
5851,1.2302
5852,0.3465
5853,0.8518
5854,0.7664
5855,0.2949
5856,0.6373
5857,0.7924
5858,0.5516
5859,0.2612
5860,0.4868
5861,0.1557
5862,0.7869
5863,0.3542
5864,0.569
5865,0.6956
5866,0.5818
5867,0.5556
5868,0.2472
5869,0.9827
5870,0.3082
5871,0.9132
5872,0.1418
5873,0.5012
5874,0.3772
5875,1.0198
5876,0.2995
5877,0.871
5878,0.2002
5879,0.3001
5880,0.6264
5881,0.4736
5882,0.3235
5883,0.2632
5884,0.2017
5885,0.3739
5886,0.3048
5887,0.161
5888,0.5802
5889,0.2483
5890,0.1874
5891,0.7954
5892,0.2689
5893,0.3872
5894,0.4434
5895,0.4102
5896,0.5321
5897,0.5591
5898,0.4075
5899,0.3939
5900,0.2162
5901,0.8465
5902,0.5712
5903,0.4202
5904,0.3504
5905,0.546
5906,0.3336
5907,0.8593
5908,0.7481
5909,0.199
5910,0.7632
5911,0.1861
5912,0.8046
5913,0.8626
5914,0.6214
5915,0.3703
5916,0.5299
5917,0.3406
5918,0.6434
5919,0.6553
5920,0.6953
5921,0.8636
5922,1.0978
5923,0.6317
5924,0.4215
5925,0.2722
5926,0.6915
5927,0.6049
5928,0.149
5929,0.3794
5930,0.6841
5931,0.6813
5932,0.8369
5933,0.2226
5934,1.177
5935,0.2584
5936,0.5177
5937,0.2576
5938,0.2071
5939,0.5776
5940,0.5525
5941,0.4639
5942,0.2115
5943,0.4502
5944,0.2555
5945,0.7097
5946,0.2158
5947,0.5571
5948,1.0147
5949,0.4351
5950,1.0001
5951,0.4961
5952,0.5744
5953,0.6322
5954,0.2618
5955,0.3736
5956,0.5948
5957,0.214
5958,0.7495
5959,0.2043
5960,0.7675
5961,0.3166
5962,0.6384
5963,0.7331
5964,0.4458
5965,0.3748
5966,0.6058
5967,0.646
5968,0.3009
5969,0.8546
5970,0.491
5971,0.2008
5972,0.8627
5973,0.1828
5974,0.6863
5975,0.2687
5976,0.178
5977,0.5352
5978,0.7654
5979,0.1658
5980,0.3345
5981,0.7499
5982,0.9388
5983,0.7423
5984,0.7816
5985,0.3911
5986,0.4646
5987,0.7205
5988,0.3946
5989,0.1781
5990,0.5244
5991,0.5008
5992,0.3101
5993,0.7648
5994,0.7623
5995,0.9615
5996,0.9277
5997,0.3205
5998,0.4183
5999,0.7655
6000,0.9532
6001,0.2521
6002,0.5561
6003,0.2256
6004,0.3153
6005,0.6666
6006,0.3366
6007,0.5357
6008,0.1941
6009,0.4922
6010,0.3824
6011,0.4973
6012,0.6111
6013,0.5448
6014,0.6213
6015,0.1067
6016,0.7728
6017,0.492
6018,0.4112
6019,0.4622
6020,0.2161
6021,0.4486
6022,0.5852
6023,0.411
6024,0.267
6025,0.2369
6026,0.2377
6027,0.2194
6028,0.6134
6029,0.2291
6030,0.3588
6031,0.7386
6032,0.5025
6033,0.2003
6034,0.3753
6035,0.5603
6036,0.4085
6037,0.5337
6038,0.3466
6039,0.9455
6040,0.381
6041,0.2966
6042,1.2447
6043,0.6152
6044,0.362
6045,0.6523
6046,0.2859
6047,0.2008
6048,0.6193
6049,0.1938
6050,0.6096
6051,0.7231
6052,0.5158
6053,0.7604
6054,0.4908
6055,0.1547
6056,0.4009
6057,0.3758
6058,0.8583
6059,0.5398
6060,0.8598
6061,0.6215
6062,0.6708
6063,0.753
6064,0.3399
6065,1.1478
6066,1.043
6067,0.1948
6068,0.7729
6069,0.1906
6070,0.4432
6071,0.9484
6072,0.5371
6073,0.3827
6074,0.3842
6075,0.8607
6076,0.5333
6077,0.2946
6078,0.982
6079,0.3623
6080,0.3135
6081,0.3569
6082,0.7323
6083,0.2329
6084,0.8801
6085,0.4089
6086,0.8469
6087,0.1203
6088,0.3605
6089,0.1557
6090,0.3678
6091,0.5281
6092,0.4029
6093,0.8918
6094,0.5012
6095,0.744
6096,0.5953
6097,0.2243
6098,0.6627
6099,0.2162
6100,0.3245
6101,0.605
6102,0.2757
6103,0.4953
6104,0.7088
6105,0.819
6106,0.1416
6107,0.648
6108,0.5413
6109,0.4154
6110,0.7256
6111,1.3149
6112,0.2688
6113,0.3165
6114,0.5987
6115,0.4607
6116,0.5081
6117,1.0114
6118,0.7393
6119,0.3454
6120,0.6044
6121,0.3905
6122,0.3807
6123,0.5807
6124,0.3879
6125,0.4385
6126,0.5158
6127,0.1898
6128,0.5158
6129,0.1637
6130,0.3426
6131,0.3066
6132,0.48
6133,0.2717
6134,0.475
6135,0.5284
6136,0.2698
6137,0.5845
6138,0.4762
6139,0.1306
6140,0.5223
6141,0.3835
6142,0.288
6143,0.2201
6144,0.8384
6145,0.8418
6146,0.3499
6147,0.1939
6148,0.4929
6149,0.1647
6150,0.4523
6151,0.6347
6152,0.2389
6153,0.2325
6154,0.5215
6155,0.2557
6156,0.7158
6157,0.2045
6158,0.2564
6159,0.3832
6160,0.8275
6161,0.9245
6162,0.1354
6163,0.4738
6164,0.2737
6165,0.8689
6166,0.2182
6167,0.8344
6168,0.3196
6169,0.4767
6170,0.3753
6171,0.6085
6172,0.6875
6173,0.3802
6174,0.1983
6175,0.3081
6176,0.5968
6177,0.8761
6178,0.561
6179,0.5304
6180,0.7292
6181,0.1694
6182,0.5926
6183,0.9097
6184,0.2622
6185,1.1011
6186,0.762
6187,0.6425
6188,0.6898
6189,0.2329
6190,0.7858
6191,0.4791
6192,0.3069
6193,0.4282
6194,0.5863
6195,0.5619
6196,0.1541
6197,0.2922
6198,0.2958
6199,1.5195
6200,0.3601
6201,0.2483
6202,0.1481
6203,0.2362
6204,0.8085
6205,1.0685
6206,0.8298
6207,0.2927
6208,0.5999
6209,0.3608
6210,0.1635
6211,0.5636
6212,0.4749
6213,0.7478
6214,0.4923
6215,0.5481
6216,0.2199
6217,0.4511
6218,0.5728
6219,1.0079
6220,0.5388
6221,0.7545
6222,0.6822
6223,0.688
6224,0.278
6225,0.2244
6226,0.5584
6227,0.687
6228,0.3353
6229,0.4206
6230,1.0501
6231,0.7546
6232,0.6726
6233,0.3599
6234,0.1716
6235,0.589
6236,0.1535
6237,0.3696
6238,0.7416
6239,0.6242
6240,0.8458
6241,0.6099
6242,1.1358
6243,0.1503
6244,0.2946
6245,0.1105
6246,0.8035
6247,0.2551
6248,0.7316
6249,0.1974
6250,0.7009
6251,0.1567
6252,0.4639
6253,0.74
6254,0.5947
6255,0.1095
6256,0.1266
6257,0.4412
6258,0.9154
6259,0.1443
6260,0.5165
6261,0.6622
6262,0.5713
6263,0.6646
6264,0.4567
6265,0.4814
6266,0.8146
6267,0.6989
6268,0.7839
6269,0.8076
6270,0.6723
6271,0.6381
6272,0.2727
6273,0.2168
6274,0.402
6275,1.0621
6276,0.2276
6277,0.7562
6278,0.4141
6279,0.5053
6280,0.272
6281,1.0741
6282,0.1369
6283,0.8368
6284,0.2204
6285,0.41
6286,0.3308
6287,0.3574
6288,0.3484
6289,0.5622
6290,0.3046
6291,0.1115
6292,0.417
6293,0.5399
6294,0.5479
6295,0.1903
6296,0.8365
6297,0.7824
6298,0.4282
6299,0.3851
6300,0.763
6301,0.487
6302,0.4715
6303,0.3394
6304,0.1564
6305,0.1273
6306,0.1658
6307,0.7361
6308,0.8776
6309,0.468
6310,0.5936
6311,0.6395
6312,0.309
6313,0.1333
6314,0.1644
6315,0.4113
6316,0.6779
6317,0.4595
6318,0.3394
6319,0.4146
6320,0.7054
6321,0.6369
6322,0.5899
6323,0.1787
6324,0.2236
6325,0.6987
6326,0.7021
6327,1.0406
6328,0.4454
6329,1.1462
6330,0.4657
6331,0.6406
6332,0.6308
6333,0.3916
6334,0.7878
6335,0.6137
6336,0.1838
6337,0.8319
6338,0.1228
6339,0.7342
6340,0.6199
6341,0.5322
6342,0.6246
6343,0.3901
6344,0.4379
6345,0.4135
6346,0.3993
6347,0.4374
6348,0.7233
6349,0.2751
6350,0.5885
6351,0.3727
6352,0.2571
6353,0.4973
6354,0.4073
6355,0.2381
6356,0.5316
6357,0.3267
6358,0.4309
6359,0.3489
6360,0.3611
6361,0.6386
6362,0.5393
6363,0.7243
6364,0.7398
6365,0.4563
6366,0.2413
6367,0.2012
6368,0.4688
6369,0.6368
6370,0.8112
6371,0.7199
6372,0.7195
6373,0.2429
6374,0.3354
6375,0.2613
6376,0.8677
6377,0.5715
6378,0.3309
6379,0.2002
6380,0.7267
6381,0.7846
6382,0.774
6383,0.2831
6384,1.0438
6385,0.4401
6386,0.467
6387,0.4169
6388,0.1891
6389,0.2572
6390,0.3969
6391,0.7374
6392,0.7295
6393,0.4493
6394,0.5172
6395,0.5219
6396,0.4713
6397,0.4252
6398,0.6789
6399,0.6698
6400,0.5774
6401,0.268
6402,0.4195
6403,0.1874
6404,0.1252
6405,0.6052
6406,0.427
6407,0.9026
6408,0.2595
6409,0.3045
6410,0.4581
6411,0.2911
6412,0.346
6413,0.4353
6414,0.8871
6415,0.8751
6416,0.9135
6417,0.5715
6418,0.855
6419,0.8613
6420,0.5088
6421,0.2126
6422,0.6696
6423,1.0228
6424,0.7146
6425,0.5494
6426,0.2622
6427,0.4506
6428,0.1716
6429,0.7487
6430,0.4114
6431,0.5318
6432,0.3208
6433,1.031
6434,1.107
6435,0.3121
6436,0.4783
6437,0.4671
6438,0.1424
6439,0.2825
6440,0.5839
6441,0.3215
6442,0.3791
6443,0.5729
6444,0.4986
6445,0.1249
6446,0.6467
6447,0.5654
6448,0.1969
6449,1.1608
6450,0.4228
6451,0.5491
6452,0.2598
6453,0.553
6454,0.9797
6455,0.3352
6456,0.2865
6457,0.7545
6458,0.2381
6459,0.2617
6460,0.798
6461,1.2128
6462,0.7749
6463,0.6778
6464,0.5328
6465,0.1063
6466,0.2053
6467,0.267
6468,0.2548
6469,1.2125
6470,0.4734
6471,0.4964
6472,0.1932
6473,0.4711
6474,0.2695
6475,0.2743
6476,0.2369
6477,0.4582
6478,0.563
6479,0.163
6480,0.4971
6481,0.564
6482,0.6891
6483,0.428
6484,0.6574
6485,0.2591
6486,0.9848
6487,0.5534
6488,0.6893
6489,0.3243
6490,0.1409
6491,0.1889
6492,0.809
6493,0.4105
6494,0.707
6495,0.2902
6496,0.4814
6497,0.1577
6498,0.2669
6499,0.1323
6500,0.3736
6501,0.7512
6502,0.5082
6503,0.6535
6504,0.3669
6505,0.4776
6506,0.1695
6507,0.3862
6508,0.5253
6509,0.4246
6510,0.6797
6511,0.1954
6512,0.8757
6513,0.3642
6514,0.5462
6515,0.3101
6516,0.7308
6517,0.8944
6518,0.2209
6519,0.618
6520,0.8471
6521,0.7112
6522,0.2224
6523,0.2302
6524,0.4898
6525,0.8323
6526,0.1948
6527,0.3759
6528,1.0141
6529,0.201
6530,0.7799
6531,0.6111
6532,0.3058
6533,0.4692
6534,0.1785
6535,0.5493
6536,0.8048
6537,0.819
6538,0.4621
6539,0.438
6540,0.4075
6541,0.2786
6542,0.8592
6543,0.3009
6544,0.5921
6545,0.56
6546,0.1801
6547,0.6484
6548,0.3633
6549,0.9038
6550,0.3108
6551,0.5525
6552,0.3967
6553,0.4722
6554,0.5605
6555,1.1026
6556,0.1726
6557,0.8128
6558,0.4013
6559,0.7833
6560,0.227
6561,0.3501
6562,0.7829
6563,0.461
6564,0.7923
6565,0.5847
6566,0.6457
6567,0.6116
6568,1.0744
6569,0.3482
6570,0.2365
6571,0.9374
6572,0.6687
6573,0.2893
6574,0.1263
6575,0.7598
6576,0.5315
6577,0.464
6578,0.9648
6579,0.9666
6580,0.6124
6581,0.4619
6582,0.7099
6583,0.1935
6584,0.5318
6585,0.2788
6586,0.245
6587,0.9238
6588,0.1521
6589,0.9124
6590,0.4635
6591,0.6956
6592,0.7132
6593,0.5458
6594,0.2268
6595,0.3912
6596,0.5646
6597,1.2446
6598,0.6756
6599,0.2241
6600,0.2073
6601,0.2239
6602,0.9848
6603,0.468
6604,0.899
6605,0.804
6606,0.4987
6607,0.2443
6608,0.4806
6609,0.3018
6610,0.4066
6611,0.1337
6612,0.5548
6613,0.8441
6614,0.4581
6615,0.2034
6616,0.7582
6617,0.2176
6618,0.3984
6619,0.8263
6620,0.2072
6621,0.3134
6622,0.3661
6623,0.8275
6624,0.4176
6625,0.6955
6626,0.149
6627,0.1242
6628,0.3864
6629,0.2635
6630,0.4718
6631,0.9831
6632,0.5048
6633,0.6241
6634,1.3255
6635,0.5596
6636,0.6152
6637,0.518
6638,0.4882
6639,0.5897
6640,0.3367
6641,0.5537
6642,0.7304
6643,0.5705
6644,0.332
6645,0.8722
6646,0.1716
6647,0.2165
6648,0.1444
6649,0.4728
6650,0.3388
6651,0.3653
6652,0.1148
6653,0.1847
6654,0.9796
6655,0.1564
6656,1.0368
6657,0.3071
6658,0.4183
6659,0.4569
6660,0.78
6661,0.4561
6662,0.7541
6663,0.636
6664,0.6289
6665,0.598
6666,0.5552
6667,0.6151
6668,0.4754
6669,0.7282
6670,0.4701
6671,0.7254
6672,0.3442
6673,0.5453
6674,0.5198
6675,0.5007
6676,0.5032
6677,0.4761
6678,0.5636
6679,0.6455
6680,0.3972
6681,0.2792
6682,0.4152
6683,0.7317
6684,0.2508
6685,0.4242
6686,0.2592
6687,0.5778
6688,0.5131
6689,0.2198
6690,0.5307
6691,0.3111
6692,0.493
6693,0.7595
6694,0.2752
6695,0.3114
6696,0.6723
6697,0.3104
6698,0.3911
6699,0.5825
6700,0.1292
6701,0.1435
6702,0.8245
6703,0.4506
6704,0.7759
6705,0.1814
6706,0.7025
6707,1.3421
6708,0.741
6709,0.7554
6710,0.5825
6711,0.9511
6712,0.4605
6713,0.3683
6714,0.338
6715,0.2403
6716,0.2205
6717,0.2037
6718,0.6171
6719,0.5971
6720,0.2115
6721,0.5825
6722,0.2939
6723,0.3454
6724,0.5383
6725,0.4249
6726,0.1793
6727,0.621
6728,0.6914
6729,0.5222
6730,0.7076
6731,0.5439
6732,0.5469
6733,0.3511
6734,0.3819
6735,1.1574
6736,0.6218
6737,0.5299
6738,0.3846
6739,0.2378
6740,0.289
6741,0.2941
6742,0.2207
6743,0.4511
6744,0.2701
6745,0.1529
6746,0.5584
6747,0.3819
6748,0.474
6749,0.5512
6750,0.3281
6751,0.8442
6752,0.4892
6753,0.8381
6754,0.5123
6755,0.5781
6756,0.6976
6757,0.8193
6758,0.4924
6759,0.9367
6760,0.5637
6761,0.459
6762,0.3002
6763,0.2666
6764,0.3424
6765,0.6478
6766,0.287
6767,0.5978
6768,0.4776
6769,0.6047
6770,1.3175
6771,0.7353
6772,0.6302
6773,0.3431
6774,0.5516
6775,0.2322
6776,0.5028
6777,0.5846
6778,0.2606
6779,0.2576
6780,0.3309
6781,0.2943
6782,0.7025
6783,0.3954
6784,0.7806
6785,0.2272
6786,0.2035
6787,0.4026
6788,0.1549
6789,0.9326
6790,0.3941
6791,0.4041
6792,0.3845
6793,0.3132
6794,0.143
6795,0.8061
6796,0.4392
6797,0.2116
6798,0.2132
6799,0.7262
6800,0.3164
6801,0.1901
6802,0.28
6803,0.3867
6804,0.5563
6805,0.1651
6806,0.5027
6807,0.3252
6808,0.3208
6809,0.4686
6810,0.3758
6811,0.3502
6812,0.7055
6813,0.2907
6814,0.5637
6815,0.3116
6816,0.2756
6817,0.2433
6818,0.2
6819,0.8028
6820,0.7408
6821,0.1896
6822,0.1445
6823,0.5875
6824,0.7812
6825,0.466
6826,0.3126
6827,0.2865
6828,0.5865
6829,0.2094
6830,0.4048
6831,0.387
6832,0.761
6833,0.1344
6834,1.3615
6835,0.3832
6836,0.6765
6837,0.365
6838,0.8044
6839,0.5797
6840,0.2785
6841,0.3496
6842,0.464
6843,0.3746
6844,0.6448
6845,0.3115
6846,0.7795
6847,0.1857
6848,0.2106
6849,0.9417
6850,0.3955
6851,0.2464
6852,0.6749
6853,0.1647
6854,0.1801
6855,0.2401
6856,0.8515
6857,0.5656
6858,0.5097
6859,0.443
6860,0.297
6861,0.5315
6862,0.6951
6863,0.4247
6864,0.5034
6865,0.7538
6866,0.2023
6867,0.7409
6868,0.412
6869,0.5096
6870,0.6122
6871,0.5426
6872,0.58
6873,0.7632
6874,0.5376
6875,0.2927
6876,1.2756
6877,0.8452
6878,0.2063
6879,0.3403
6880,0.3825
6881,0.3834
6882,0.5307
6883,0.1294
6884,0.4781
6885,0.5594
6886,0.5519
6887,0.442
6888,0.2893
6889,1.0159
6890,0.7856
6891,0.4348
6892,0.7037
6893,0.5666
6894,0.5871
6895,0.5741
6896,0.206
6897,0.151
6898,0.5626
6899,0.2648
6900,0.9407
6901,0.5717
6902,0.1981
6903,0.262
6904,0.4794
6905,0.1594
6906,0.2882
6907,1.017
6908,0.6722
6909,0.1555
6910,0.8393
6911,0.3024
6912,0.1538
6913,0.9107
6914,0.9919
6915,0.5907
6916,0.3776
6917,0.2394
6918,0.4555
6919,0.2726
6920,0.1203
6921,0.5879
6922,0.2108
6923,0.7677
6924,0.6528
6925,0.684
6926,0.4804
6927,0.1397
6928,0.2672
6929,0.2484
6930,0.7517
6931,0.7701
6932,0.1461
6933,0.4562
6934,0.3471
6935,0.4053
6936,1.2468
6937,0.4484
6938,0.6737
6939,0.8049
6940,0.2862
6941,0.6522
6942,0.1474
6943,0.2798
6944,0.5574
6945,0.5548
6946,0.582
6947,0.6772
6948,0.422
6949,0.7877
6950,0.3636
6951,0.4344
6952,0.6966
6953,0.6191
6954,0.7157
6955,0.5842
6956,0.8364
6957,0.1728
6958,0.1512
6959,0.3204
6960,0.5884
6961,0.3588
6962,0.3034
6963,0.2413
6964,0.286
6965,0.1927
6966,0.7581
6967,0.5111
6968,0.3663
6969,0.5376
6970,0.2705
6971,0.212
6972,0.5796
6973,0.7458
6974,0.9442
6975,0.6031
6976,0.787
6977,0.2238
6978,0.4776
6979,0.2902
6980,0.6242
6981,0.485
6982,0.6206
6983,0.1608
6984,0.8979
6985,0.2195
6986,0.2578
6987,0.3896
6988,0.1609
6989,0.3847
6990,0.3798
6991,0.3491
6992,0.4532
6993,0.6643
6994,0.8621
6995,0.6664
6996,0.7233
6997,0.2955
6998,0.2216
6999,0.5044
7000,0.3231
7001,0.6104
7002,0.1219
7003,0.5824
7004,0.7157
7005,0.7096
7006,0.6593
7007,0.4501
7008,0.8089
7009,0.705
7010,0.2961
7011,0.5581
7012,0.8349
7013,0.2861
7014,0.6197
7015,0.3531
7016,0.3605
7017,0.1548
7018,0.5277
7019,0.2645
7020,0.4889
7021,0.944
7022,0.2732
7023,0.1581
7024,0.3795
7025,0.4112
7026,0.2856
7027,0.8515
7028,0.2343
7029,0.4979
7030,1.0891
7031,0.4795
7032,0.8417
7033,0.3445
7034,0.5142
7035,0.9621
7036,0.4257
7037,0.7387
7038,0.2347
7039,0.1551
7040,0.4536
7041,0.3039
7042,0.7138
7043,0.9429
7044,0.616
7045,0.4944
7046,0.609
7047,0.3378
7048,0.2003
7049,0.4802
7050,0.6402
7051,0.3729
7052,0.1602
7053,0.2685
7054,0.6393
7055,0.2282
7056,0.6029
7057,0.1458
7058,0.3889
7059,0.6175
7060,0.5219
7061,0.7762
7062,0.8896
7063,0.3144
7064,0.6843
7065,0.8685
7066,0.153
7067,0.8231
7068,0.8062
7069,0.3705
7070,0.4053
7071,0.1786
7072,0.2165
7073,0.3182
7074,1.0816
7075,0.4758
7076,0.5072
7077,1.2135
7078,0.4135
7079,0.4069
7080,0.16
7081,0.76
7082,0.1606
7083,0.3057
7084,0.408
7085,1.0477
7086,0.8971
7087,0.5731
7088,0.5479
7089,0.3335
7090,0.117
7091,0.9323
7092,0.1521
7093,0.721
7094,0.5555
7095,0.8291
7096,0.8268
7097,0.5321
7098,0.6815
7099,0.6226
7100,0.6804
7101,0.5381
7102,0.3715
7103,0.2179
7104,0.5426
7105,0.235
7106,0.3597
7107,0.2812
7108,0.6914
7109,0.2946
7110,0.7616
7111,0.2832
7112,0.6388
7113,0.5483
7114,0.2534
7115,0.5266
7116,0.331
7117,0.4805
7118,0.6116
7119,0.4918
7120,0.5189
7121,0.2677
7122,0.4886
7123,0.9778
7124,0.2758
7125,0.4759
7126,0.5608
7127,0.1787
7128,0.482
7129,0.8201
7130,0.4855
7131,0.6012
7132,0.3326
7133,0.408
7134,0.356
7135,0.7408
7136,0.2473
7137,0.2864
7138,0.1926
7139,0.2929
7140,0.2569
7141,0.5404
7142,0.5196
7143,0.2873
7144,0.4498
7145,0.4025
7146,0.57
7147,0.6831
7148,0.3227
7149,0.3835
7150,0.9687
7151,0.3571
7152,0.5717
7153,0.3703
7154,0.2759
7155,0.7957
7156,0.3046
7157,0.423
7158,0.7282
7159,0.2591
7160,0.4749
7161,0.4456
7162,0.2868
7163,0.3767
7164,0.7841
7165,1.0591
7166,0.3685
7167,0.454
7168,0.4087
7169,0.4149
7170,0.594
7171,0.696
7172,0.1992
7173,0.5143
7174,0.5113
7175,0.6323
7176,0.2664
7177,0.517
7178,0.6395
7179,0.2022
7180,0.6699
7181,0.5672
7182,0.5162
7183,0.3772
7184,0.273
7185,0.708
7186,0.2614
7187,0.6283
7188,0.3677
7189,0.2221
7190,0.9598
7191,0.8207
7192,0.1211
7193,0.8188
7194,0.4113
7195,0.5194
7196,0.1708
7197,0.4382
7198,0.1123
7199,0.1402
7200,0.5181
7201,0.3449
7202,0.4699
7203,0.7636
7204,0.8674
7205,1.1177
7206,0.5827
7207,0.3644
7208,0.338
7209,0.3832
7210,0.4209
7211,0.2435
7212,0.5575
7213,0.3232
7214,0.6988
7215,0.1431
7216,0.3638
7217,0.6411
7218,0.4816
7219,0.2222
7220,0.4793
7221,0.4746
7222,0.8057
7223,0.6922
7224,0.2553
7225,0.1178
7226,0.6771
7227,0.6756
7228,0.3743
7229,0.2779
7230,0.3128
7231,0.3755
7232,0.7203
7233,0.5029
7234,0.3006
7235,0.3007
7236,0.5274
7237,0.1915
7238,0.3985
7239,0.0627
7240,0.454
7241,0.5362
7242,0.5855
7243,0.8095
7244,0.3854
7245,0.1259
7246,0.2498
7247,0.5267
7248,0.4275
7249,0.2004
7250,0.7933
7251,0.7321
7252,0.297
7253,0.2822
7254,0.3034
7255,0.5402
7256,0.6553
7257,0.5749
7258,0.5112
7259,0.2412
7260,0.6107
7261,0.3017
7262,0.653
7263,0.2957
7264,0.7823
7265,0.7126
7266,0.2926
7267,0.3068
7268,0.6625
7269,0.1614
7270,0.3763
7271,0.2637
7272,0.2945
7273,0.9509
7274,0.6805
7275,0.6495
7276,0.6213
7277,0.5999
7278,0.8232
7279,0.2844
7280,0.5113
7281,0.2481
7282,0.2319
7283,0.3017
7284,0.8785
7285,0.2008
7286,0.3418
7287,0.5226
7288,1.0568
7289,0.2711
7290,0.695
7291,0.4745
7292,0.4223
7293,0.1394
7294,0.4202
7295,0.2173
7296,0.2754
7297,0.7539
7298,0.2231
7299,0.8987
7300,1.0689
7301,0.2326
7302,0.5186
7303,0.527
7304,0.6783
7305,0.1981
7306,0.8282
7307,0.839
7308,0.7848
7309,0.5001
7310,0.4824
7311,0.4486
7312,0.0776
7313,0.2143
7314,0.5935
7315,0.4188
7316,0.6554
7317,0.1577
7318,0.1847
7319,0.8733
7320,0.7731
7321,0.5832
7322,0.2763
7323,0.2361
7324,0.4307
7325,0.4445
7326,0.2916
7327,0.3567
7328,0.3939
7329,0.5101
7330,0.6857
7331,0.4807
7332,0.4789
7333,0.2251
7334,0.2591
7335,0.487
7336,0.3791
7337,0.2576
7338,0.2111
7339,0.5512
7340,0.5351
7341,0.6069
7342,0.1266
7343,0.7589
7344,0.2333
7345,0.3255
7346,0.5111
7347,0.5554
7348,0.317
7349,1.218
7350,0.4053
7351,0.1856
7352,0.7993
7353,0.4575
7354,0.1958
7355,0.2705
7356,0.4241
7357,0.2645
7358,0.4793
7359,0.3827
7360,0.3234
7361,0.5342
7362,0.6417
7363,1.0234
7364,1.2289
7365,0.2914
7366,1.0691
7367,0.4705
7368,0.3074
7369,0.5172
7370,0.8239
7371,0.9326
7372,0.5218
7373,0.7629
7374,0.6454
7375,0.4418
7376,0.7398
7377,0.4748
7378,1.0327
7379,0.1883
7380,0.5269
7381,0.7156
7382,0.5789
7383,0.3122
7384,0.9056
7385,0.4009
7386,0.4319
7387,0.5664
7388,0.1206
7389,0.5608
7390,0.6888
7391,0.3298
7392,0.6475
7393,0.498
7394,0.9227
7395,0.5421
7396,0.3461
7397,0.9291
7398,0.4259
7399,0.6713
7400,0.1559
7401,0.706
7402,0.2775
7403,0.8428
7404,0.2089
7405,0.2819
7406,0.4071
7407,0.8288
7408,0.8885
7409,0.7486
7410,1.0267
7411,0.748
7412,0.5297
7413,0.2915
7414,0.2001
7415,0.7486
7416,0.6092
7417,0.5402
7418,0.673
7419,0.6414
7420,0.2018
7421,0.7905
7422,0.7773
7423,0.6346
7424,0.4971
7425,0.4429
7426,0.7589
7427,0.4682
7428,0.8245
7429,0.7163
7430,0.4025
7431,0.2686
7432,1.2045
7433,0.7117
7434,0.6849
7435,0.3959
7436,0.2029
7437,0.497
7438,0.5226
7439,0.3989
7440,0.3269
7441,0.1894
7442,0.2371
7443,0.4208
7444,0.9065
7445,0.5886
7446,0.5154
7447,0.8639
7448,0.5194
7449,0.8829
7450,0.2053
7451,0.4726
7452,0.3511
7453,0.3807
7454,0.138
7455,0.4268
7456,0.6246
7457,0.7667
7458,0.4424
7459,0.5474
7460,0.2359
7461,0.1922
7462,1.0893
7463,0.3273
7464,0.1914
7465,0.4961
7466,0.5016
7467,0.7041
7468,0.3949
7469,0.33
7470,0.8848
7471,0.37
7472,0.4077
7473,0.8427
7474,0.5841
7475,0.5393
7476,0.7411
7477,0.4305
7478,0.1496
7479,0.2486
7480,1.2423
7481,0.5644
7482,0.5725
7483,0.9384
7484,0.8175
7485,0.595
7486,0.3515
7487,0.5079
7488,0.4111
7489,0.5449
7490,0.3478
7491,0.3119
7492,0.7223
7493,0.4557
7494,0.3761
7495,0.1982
7496,0.4867
7497,0.4
7498,0.4358
7499,0.8911
7500,0.4985
7501,0.5235
7502,0.6216
7503,0.3585
7504,1.0572
7505,0.1566
7506,0.7131
7507,0.4409
7508,0.2143
7509,0.5183
7510,0.5117
7511,0.3815
7512,0.2948
7513,0.4449
7514,0.5922
7515,0.5128
7516,0.6006
7517,0.1423
7518,0.6003
7519,0.3102
7520,0.4304
7521,0.2616
7522,0.5096
7523,0.3689
7524,0.4116
7525,0.4454
7526,0.4039
7527,0.5339
7528,0.288
7529,0.8031
7530,1.134
7531,0.2281
7532,0.2726
7533,0.4575
7534,0.5191
7535,0.3879
7536,0.2887
7537,0.1359
7538,0.4519
7539,0.5187
7540,0.3392
7541,0.6003
7542,0.1541
7543,0.6901
7544,0.4563
7545,0.108
7546,0.3782
7547,0.4571
7548,0.9598
7549,0.6991
7550,0.2911
7551,1.0491
7552,0.8452
7553,0.4325
7554,0.1525
7555,0.4775
7556,0.8548
7557,0.3311
7558,0.8854
7559,0.1618
7560,0.7036
7561,0.169
7562,0.5124
7563,0.7707
7564,0.2083
7565,0.2608
7566,0.4432
7567,0.5666
7568,0.2934
7569,0.2431
7570,0.275
7571,0.5244
7572,0.4839
7573,0.2216
7574,0.9249
7575,0.2657
7576,0.5923
7577,0.6806
7578,0.3767
7579,0.2389
7580,1.0436
7581,0.329
7582,1.2097
7583,0.7047
7584,0.3871
7585,0.3521
7586,0.4162
7587,0.3998
7588,0.3046
7589,0.495
7590,0.2906
7591,0.5975
7592,0.2076
7593,0.1665
7594,0.2607
7595,0.7968
7596,0.6947
7597,0.2847
7598,0.4798
7599,0.65
7600,1.2334
7601,0.5154
7602,0.1625
7603,0.6529
7604,0.7094
7605,0.4042
7606,0.4364
7607,0.6662
7608,0.2971
7609,0.5419
7610,0.5284
7611,0.9405
7612,0.5097
7613,0.412
7614,0.1924
7615,0.1472
7616,0.2504
7617,0.7193
7618,0.9581
7619,0.2457
7620,0.2574
7621,0.5605
7622,0.3113
7623,0.8789
7624,0.3578
7625,1.4177
7626,0.8068
7627,0.7472
7628,0.298
7629,0.5187
7630,0.7875
7631,0.2421
7632,0.5451
7633,0.5359
7634,0.3489
7635,0.1736
7636,0.4989
7637,0.3354
7638,0.3351
7639,0.2645
7640,0.6155
7641,0.6205
7642,0.3743
7643,0.3851
7644,0.7588
7645,0.7928
7646,0.1441
7647,0.425
7648,0.3964
7649,0.3628
7650,0.8544
7651,0.1791
7652,0.2935
7653,0.3578
7654,0.1785
7655,0.3305
7656,0.4077
7657,1.0878
7658,0.9389
7659,0.2417
7660,0.4187
7661,0.6818
7662,0.7348
7663,0.3946
7664,0.6501
7665,0.4474
7666,0.5955
7667,0.2361
7668,0.6439
7669,0.2599
7670,0.4799
7671,0.6203
7672,0.3842
7673,0.5566
7674,0.9331
7675,0.6926
7676,0.3588
7677,0.2615
7678,0.816
7679,0.8414
7680,0.7964
7681,0.3114
7682,0.6957
7683,0.539
7684,0.3429
7685,1.0843
7686,0.5659
7687,0.5302
7688,0.4673
7689,0.6879
7690,0.9469
7691,0.2517
7692,0.1656
7693,0.3544
7694,0.225
7695,0.6907
7696,0.3674
7697,0.1516
7698,0.5247
7699,0.3843
7700,0.2507
7701,0.6182
7702,0.243
7703,0.1676
7704,0.4328
7705,0.1538
7706,0.6622
7707,0.2001
7708,0.5072
7709,0.4359
7710,0.6172
7711,0.8991
7712,0.3386
7713,0.805
7714,0.3428
7715,0.7113
7716,0.3284
7717,0.5357
7718,0.4262
7719,0.5354
7720,0.3104
7721,0.5324
7722,0.8551
7723,0.7755
7724,0.2767
7725,0.2951
7726,0.5258
7727,0.1679
7728,0.913
7729,0.5628
7730,0.36
7731,0.3659
7732,0.4931
7733,0.5792
7734,0.2498
7735,0.5125
7736,0.5535
7737,0.9545
7738,0.2293
7739,0.4308
7740,0.371
7741,0.3674
7742,0.5944
7743,0.5933
7744,0.9242
7745,0.835
7746,0.2805
7747,0.1943
7748,0.2115
7749,1.2263
7750,0.658
7751,0.6259
7752,0.4701
7753,0.4758
7754,0.7664
7755,0.3533
7756,0.4552
7757,0.5615
7758,0.3578
7759,0.6459
7760,0.2663
7761,0.3866
7762,0.6773
7763,0.6669
7764,0.7472
7765,0.4947
7766,0.7986
7767,0.6343
7768,0.4626
7769,0.5867
7770,0.733
7771,0.4237
7772,0.8104
7773,0.8174
7774,0.2595
7775,0.3815
7776,0.3929
7777,0.4451
7778,0.4906
7779,0.4673
7780,0.8121
7781,0.3165
7782,0.6748
7783,0.4954
7784,0.6099
7785,0.4727
7786,0.4302
7787,0.6497
7788,0.2586
7789,0.6291
7790,0.3038
7791,0.3794
7792,0.8276
7793,0.4409
7794,0.5462
7795,0.5518
7796,0.361
7797,0.4503
7798,0.4631
7799,1.0597
7800,0.3856
7801,0.1563
7802,0.2541
7803,0.3018
7804,0.7572
7805,0.5249
7806,0.26
7807,0.352
7808,0.6934
7809,0.8433
7810,0.3436
7811,0.486
7812,0.3071
7813,0.5966
7814,0.9055
7815,0.218
7816,0.4601
7817,0.8442
7818,0.9286
7819,0.5209
7820,0.2997
7821,0.202
7822,0.2029
7823,0.5618
7824,0.3092
7825,0.338
7826,0.7193
7827,0.3458
7828,0.1748
7829,0.413
7830,0.5535
7831,0.3099
7832,0.57
7833,0.2007
7834,0.335
7835,0.3896
7836,0.2864
7837,0.1263
7838,0.2024
7839,0.6269
7840,0.5888
7841,0.3549
7842,0.8326
7843,0.6863
7844,0.6327
7845,0.5403
7846,0.6408
7847,0.3709
7848,0.3703
7849,0.2275
7850,0.8485
7851,0.2332
7852,0.4507
7853,0.2635
7854,0.6875
7855,0.5407
7856,0.27
7857,0.5597
7858,0.374
7859,0.4859
7860,0.8676
7861,0.3494
7862,0.6247
7863,0.6631
7864,0.8858
7865,0.3539
7866,0.4355
7867,0.1033
7868,0.1988
7869,0.1701
7870,0.35
7871,0.2925
7872,0.8976
7873,0.7109
7874,0.5629
7875,0.5354
7876,0.8092
7877,0.7891
7878,0.5444
7879,1.1137
7880,0.7563
7881,0.963
7882,0.5273
7883,0.1903
7884,0.8228
7885,0.551
7886,0.7038
7887,0.2132
7888,0.3754
7889,0.6725
7890,0.2184
7891,0.4735
7892,0.6859
7893,0.5223
7894,0.7931
7895,0.233
7896,0.3929
7897,0.8392
7898,0.1315
7899,0.2759
7900,1.0331
7901,0.8918
7902,0.6707
7903,0.7703
7904,0.1865
7905,0.5775
7906,0.4404
7907,0.4679
7908,0.1258
7909,0.2027
7910,0.4889
7911,0.1479
7912,0.5343
7913,0.1634
7914,0.3442
7915,0.5797
7916,0.106
7917,0.1438
7918,0.5728
7919,0.8077
7920,0.2189
7921,0.29
7922,0.5273
7923,1.2344
7924,0.2382
7925,0.363
7926,0.43
7927,0.1221
7928,0.3541
7929,0.201
7930,0.3444
7931,0.3597
7932,0.4246
7933,0.7987
7934,0.9354
7935,0.5101
7936,0.3749
7937,0.5888
7938,0.1341
7939,0.4364
7940,0.7524
7941,1.0503
7942,0.4403
7943,0.6092
7944,0.3425
7945,0.4087
7946,0.6252
7947,1.086
7948,0.5955
7949,0.3623
7950,1.0506
7951,0.1261
7952,1.0144
7953,0.6723
7954,1.2044
7955,0.1608
7956,0.4265
7957,0.2884
7958,0.279
7959,0.3469
7960,1.1261
7961,1.0138
7962,0.3381
7963,0.2196
7964,0.6704
7965,0.5114
7966,0.5337
7967,0.6374
7968,0.4386
7969,0.3374
7970,0.4105
7971,0.1262
7972,0.4041
7973,0.5283
7974,0.159
7975,0.5948
7976,0.3813
7977,0.2822
7978,0.2648
7979,0.5484
7980,0.2119
7981,0.2846
7982,0.1605
7983,0.6733
7984,0.3155
7985,0.3529
7986,0.3
7987,0.5529
7988,0.4574
7989,0.3342
7990,0.3698
7991,0.5613
7992,0.7163
7993,0.3657
7994,0.2018
7995,0.3412
7996,0.5687
7997,0.5613
7998,0.8063
7999,0.2626
8000,0.6335
8001,0.1533
8002,0.5598
8003,0.1617
8004,0.6602
8005,0.1587
8006,0.2497
8007,0.3364
8008,0.422
8009,0.4924
8010,0.8407
8011,0.2614
8012,0.1618
8013,0.4492
8014,0.6032
8015,0.1945
8016,0.3631
8017,0.413
8018,0.5555
8019,0.2501
8020,0.5243
8021,0.2575
8022,1.0196
8023,0.1088
8024,0.8665
8025,0.1992
8026,0.6355
8027,0.3913
8028,0.471
8029,0.2209
8030,1.0172
8031,0.6115
8032,0.1631
8033,0.5655
8034,0.733
8035,0.2874
8036,0.3797
8037,0.417
8038,0.439
8039,0.3065
8040,1.1631
8041,0.5077
8042,0.5995
8043,0.5827
8044,0.5115
8045,0.2063
8046,0.6872
8047,0.6833
8048,0.5926
8049,0.7767
8050,0.4055
8051,0.2005
8052,0.9422
8053,0.3337
8054,0.8316
8055,0.4235
8056,0.2632
8057,0.241
8058,0.7095
8059,0.2671
8060,0.978
8061,0.4523
8062,0.2335
8063,1.052
8064,0.3272
8065,0.2455
8066,0.3396
8067,0.4443
8068,0.5097
8069,0.8915
8070,0.9679
8071,0.5009
8072,0.5327
8073,0.2804
8074,0.5528
8075,0.9531
8076,0.4883
8077,0.3875
8078,0.8362
8079,0.5343
8080,0.3995
8081,0.3933
8082,0.271
8083,0.425
8084,0.8015
8085,0.3097
8086,0.4319
8087,0.5669
8088,0.7682
8089,0.2858
8090,1.1356
8091,0.2843
8092,0.5298
8093,0.1222
8094,0.4458
8095,0.2219
8096,0.5087
8097,0.1537
8098,0.4058
8099,0.7498
8100,0.2295
8101,0.2071
8102,0.5775
8103,0.6622
8104,0.2174
8105,0.6501
8106,0.3593
8107,0.8909
8108,0.2981
8109,0.5255
8110,0.2316
8111,0.7941
8112,0.6813
8113,0.7189
8114,0.1412
8115,0.2662
8116,0.3487
8117,0.7348
8118,0.7476
8119,0.5381
8120,0.4645
8121,0.6616
8122,0.1757
8123,0.2311
8124,0.2231
8125,0.4363
8126,0.7313
8127,0.4823
8128,0.8045
8129,0.3876
8130,0.2523
8131,0.7429
8132,0.2992
8133,0.6011
8134,0.4596
8135,0.4011
8136,0.8035
8137,0.7514
8138,0.2372
8139,0.4253
8140,0.2574
8141,0.9352
8142,0.1599
8143,0.5357
8144,0.7754
8145,0.287
8146,0.1723
8147,0.5266
8148,0.3885
8149,0.9864
8150,0.5373
8151,1.0805
8152,0.5871
8153,0.2744
8154,0.5548
8155,0.5397
8156,0.3183
8157,0.5006
8158,0.678
8159,0.4059
8160,0.54
8161,0.3325
8162,0.7455
8163,0.1225
8164,0.2949
8165,0.6118
8166,0.3624
8167,0.1457
8168,0.6006
8169,0.3346
8170,0.2079
8171,0.4248
8172,0.366
8173,0.494
8174,0.2573
8175,0.767
8176,1.0967
8177,0.6584
8178,0.2194
8179,0.6824
8180,0.271
8181,0.3509
8182,0.3402
8183,0.6972
8184,0.3898
8185,0.6393
8186,0.58
8187,0.3734
8188,0.4877
8189,0.1933
8190,0.6389
8191,0.2317
8192,0.5411
8193,0.8956
8194,0.3097
8195,0.8179
8196,1.064
8197,0.4559
8198,0.2147
8199,0.5864
8200,0.2674
8201,1.1566
8202,0.3825
8203,0.6431
8204,0.1802
8205,0.7279
8206,0.3805
8207,0.5016
8208,0.6868
8209,0.8394
8210,0.1582
8211,0.1691
8212,0.9256
8213,0.1483
8214,0.7432
8215,0.1889
8216,0.2416
8217,0.6291
8218,0.6414
8219,0.724
8220,0.4512
8221,0.6695
8222,0.58
8223,0.217
8224,0.3036
8225,0.5031
8226,0.6775
8227,0.3018
8228,0.1114
8229,0.2763
8230,0.2333
8231,0.6953
8232,0.7332
8233,0.5317
8234,0.3991
8235,0.8681
8236,0.9552
8237,0.4434
8238,0.8045
8239,0.2737
8240,0.5563
8241,0.944
8242,0.6079
8243,0.5756
8244,0.5083
8245,1.0704
8246,0.404
8247,0.1552
8248,0.5877
8249,0.1278
8250,0.6598
8251,0.2238
8252,0.5847
8253,0.5657
8254,0.3817
8255,0.7188
8256,0.2377
8257,0.6318
8258,0.5869
8259,0.4569
8260,0.4856
8261,0.3911
8262,0.5469
8263,0.1868
8264,0.4507
8265,0.542
8266,1.0743
8267,0.454
8268,0.5145
8269,0.5618
8270,0.2951
8271,0.7286
8272,0.5827
8273,0.3247
8274,0.775
8275,0.2194
8276,0.4861
8277,0.2328
8278,0.4336
8279,0.8968
8280,0.5619
8281,0.2228
8282,0.6991
8283,0.83
8284,0.5079
8285,0.4215
8286,0.288
8287,0.225
8288,0.4591
8289,0.2497
8290,0.6315
8291,0.6527
8292,0.2301
8293,0.6895
8294,0.6973
8295,0.2534
8296,0.2428
8297,0.567
8298,0.3318
8299,0.5994
8300,0.908
8301,0.1769
8302,0.445
8303,0.5559
8304,0.4057
8305,0.3583
8306,1.2582
8307,0.5869
8308,0.3462
8309,0.5286
8310,0.2394
8311,0.464
8312,0.4446
8313,0.5555
8314,0.1718
8315,0.3638
8316,0.1514
8317,0.8988
8318,0.3555
8319,0.6783
8320,0.3837
8321,0.2326
8322,0.6775
8323,0.1526
8324,1.0322
8325,1.024
8326,0.3659
8327,0.5276
8328,0.3583
8329,0.6077
8330,0.5313
8331,0.2799
8332,0.5948
8333,0.5039
8334,1.0056
8335,0.4671
8336,0.2991
8337,0.7092
8338,0.6096
8339,0.4157
8340,0.1771
8341,0.42
8342,0.3913
8343,0.2926
8344,0.1843
8345,0.3541
8346,0.2501
8347,0.342
8348,0.1158
8349,0.2707
8350,1.0951
8351,0.6876
8352,0.4233
8353,0.3057
8354,0.5155
8355,0.3267
8356,0.2277
8357,0.2191
8358,0.2964
8359,0.3188
8360,0.6249
8361,0.5821
8362,0.3631
8363,0.6331
8364,0.7081
8365,0.6762
8366,0.462
8367,1.208
8368,0.7212
8369,1.0772
8370,0.1176
8371,0.2772
8372,0.1089
8373,0.2268
8374,0.4627
8375,0.427
8376,0.442
8377,0.7402
8378,0.6723
8379,0.3436
8380,0.406
8381,0.5595
8382,0.2708
8383,0.1916
8384,0.4008
8385,0.5841
8386,0.6078
8387,0.8337
8388,0.3391
8389,0.4518
8390,0.4483
8391,0.1842
8392,0.7391
8393,0.2733
8394,0.3218
8395,0.3318
8396,0.5358
8397,0.7704
8398,0.2301
8399,0.64
8400,0.529
8401,0.2236
8402,0.7853
8403,0.2168
8404,0.4581
8405,0.5811
8406,0.6126
8407,0.5654
8408,0.2424
8409,0.6977
8410,0.2967
8411,0.3449
8412,0.1633
8413,0.4131
8414,0.4411
8415,0.3717
8416,0.9209
8417,0.5741
8418,0.1189
8419,0.1537
8420,0.7393
8421,0.8054
8422,0.3679
8423,0.8259
8424,0.5852
8425,0.4194
8426,0.3675
8427,0.2586
8428,0.2605
8429,0.6732
8430,0.6695
8431,0.3738
8432,0.3914
8433,0.2722
8434,0.4553
8435,0.6393
8436,0.5017
8437,0.3187
8438,0.3858
8439,0.551
8440,0.2901
8441,0.1555
8442,0.2399
8443,0.707
8444,0.7374
8445,0.4743
8446,0.67
8447,0.4514
8448,0.3423
8449,0.3647
8450,0.2095
8451,0.8039
8452,0.3521
8453,0.7692
8454,0.5865
8455,0.5464
8456,0.2759
8457,0.9566
8458,0.5831
8459,0.3739
8460,0.5624
8461,0.3618
8462,0.7243
8463,0.6693
8464,0.4961
8465,0.5841
8466,0.8337
8467,0.6895
8468,0.6912
8469,0.2107
8470,0.376
8471,1.274
8472,0.5626
8473,0.9975
8474,0.6958
8475,0.7911
8476,0.2977
8477,0.3694
8478,0.6429
8479,0.4165
8480,0.4699
8481,0.3149
8482,0.5663
8483,0.3242
8484,0.2096
8485,0.1743
8486,0.2075
8487,0.3411
8488,0.6699
8489,0.3155
8490,0.9147
8491,0.2443
8492,0.4366
8493,0.305
8494,0.1989
8495,0.2535
8496,0.4039
8497,0.6528
8498,0.3645
8499,0.6805
8500,0.3651
8501,0.3335
8502,0.302
8503,0.415
8504,0.6328
8505,0.1943
8506,0.2228
8507,0.2027
8508,0.7418
8509,1.342
8510,0.3313
8511,0.5898
8512,0.4159
8513,0.2385
8514,0.2095
8515,0.5536
8516,0.3452
8517,0.5413
8518,0.2726
8519,0.2704
8520,0.3051
8521,0.1197
8522,0.1223
8523,0.79
8524,0.6072
8525,0.1892
8526,0.6442
8527,0.6417
8528,0.4787
8529,0.6239
8530,0.4181
8531,0.1734
8532,0.3819
8533,0.4685
8534,0.0991
8535,0.6552
8536,0.2157
8537,0.7771
8538,0.3472
8539,1.0544
8540,0.1229
8541,0.5466
8542,0.6276
8543,0.3483
8544,0.1569
8545,0.6053
8546,0.9084
8547,0.6683
8548,0.9512
8549,0.3643
8550,1.1082
8551,0.1846
8552,0.302
8553,0.2878
8554,0.4638
8555,0.3358
8556,0.8505
8557,1.0456
8558,0.1674
8559,0.2487
8560,0.4883
8561,0.4084
8562,0.5081
8563,0.3277
8564,0.6535
8565,0.6297
8566,0.6005
8567,0.8202
8568,0.758
8569,0.1452
8570,0.1444
8571,0.6032
8572,0.3723
8573,0.6532
8574,1.1044
8575,0.4292
8576,0.6003
8577,0.6956
8578,0.291
8579,0.7447
8580,0.2317
8581,0.1922
8582,0.6971
8583,0.7075
8584,0.1896
8585,0.4967
8586,0.2026
8587,0.7306
8588,0.8183
8589,0.2409
8590,0.5317
8591,0.4617
8592,1.0477
8593,0.7664
8594,0.1852
8595,0.2112
8596,0.106
8597,1.0252
8598,0.5463
8599,0.4788
8600,0.2645
8601,0.5279
8602,0.9487
8603,0.4535
8604,0.4142
8605,0.7289
8606,1.5676
8607,0.6316
8608,0.7217
8609,0.4263
8610,0.3974
8611,0.3918
8612,0.8624
8613,0.6945
8614,0.633
8615,0.3229
8616,0.4877
8617,0.4918
8618,0.6186
8619,0.7567
8620,1.0617
8621,0.2195
8622,0.8688
8623,0.4919
8624,0.2444
8625,0.3565
8626,0.6375
8627,0.157
8628,0.6441
8629,0.7347
8630,0.7266
8631,0.2621
8632,0.9881
8633,0.3476
8634,0.3375
8635,0.1696
8636,0.5049
8637,0.9371
8638,0.3868
8639,0.5034
8640,0.5596
8641,0.7802
8642,0.6176
8643,0.5427
8644,0.3696
8645,0.5354
8646,0.5966
8647,0.1958
8648,0.1332
8649,0.5933
8650,0.4203
8651,1.0528
8652,0.4849
8653,0.7657
8654,0.2586
8655,0.332
8656,0.5346
8657,0.3359
8658,0.6636
8659,0.1918
8660,0.2259
8661,0.3674
8662,0.6339
8663,0.569
8664,0.5418
8665,0.4845
8666,0.3645
8667,1.1951
8668,0.2175
8669,0.774
8670,0.1841
8671,0.7588
8672,0.3668
8673,0.3786
8674,0.476
8675,0.4938
8676,0.804
8677,0.4304
8678,0.4353
8679,0.7221
8680,0.393
8681,0.5188
8682,0.2112
8683,0.6898
8684,0.9481
8685,0.5095
8686,1.1572
8687,0.6066
8688,0.7
8689,0.721
8690,0.5457
8691,0.7103
8692,0.3868
8693,0.5818
8694,0.634
8695,0.3994
8696,0.4682
8697,0.5396
8698,0.702
8699,0.5421
8700,0.3185
8701,0.3627
8702,0.335
8703,0.3174
8704,0.5987
8705,0.2753
8706,0.5076
8707,0.7436
8708,0.5406
8709,0.467
8710,1.0805
8711,0.6607
8712,0.3318
8713,0.2886
8714,0.9825
8715,0.3199
8716,1.0618
8717,0.3298
8718,0.8504
8719,0.7982
8720,0.2966
8721,0.7705
8722,0.9072
8723,0.3854
8724,0.2431
8725,0.594
8726,1.1299
8727,0.4802
8728,0.4837
8729,0.4496
8730,0.3806
8731,0.4516
8732,0.262
8733,0.3708
8734,0.8031
8735,0.3066
8736,0.3007
8737,0.2974
8738,0.5033
8739,1.0151
8740,0.2898
8741,0.4974
8742,0.4292
8743,0.5028
8744,0.6858
8745,0.4665
8746,0.7358
8747,0.8071
8748,0.1845
8749,0.1695
8750,0.2834
8751,0.2474
8752,0.7772
8753,0.4699
8754,0.5986
8755,0.8486
8756,0.3894
8757,1.0273
8758,0.7695
8759,0.3635
8760,0.5685
8761,0.3734
8762,0.1746
8763,0.3061
8764,0.5423
8765,0.5707
8766,0.4868
8767,0.2618
8768,0.6348
8769,0.4511
8770,0.6775
8771,1.234
8772,0.3845
8773,1.1521
8774,0.3591
8775,0.409
8776,0.5021
8777,0.5027
8778,0.17
8779,0.3079
8780,1.321
8781,0.241
8782,0.5538
8783,0.6745
8784,0.3871
8785,0.7833
8786,0.536
8787,0.6245
8788,0.3033
8789,0.9006
8790,0.4918
8791,0.4282
8792,0.5424
8793,0.4777
8794,0.5496
8795,0.7485
8796,0.2849
8797,0.7364
8798,0.4323
8799,0.8421
8800,0.4054
8801,0.6047
8802,0.392
8803,0.5175
8804,0.2157
8805,0.387
8806,0.4214
8807,0.7249
8808,0.3799
8809,0.399
8810,0.4573
8811,0.2886
8812,0.8139
8813,0.6539
8814,1.0851
8815,0.3698
8816,0.5713
8817,0.2249
8818,0.9277
8819,0.6144
8820,0.4666
8821,0.3448
8822,0.6971
8823,0.2599
8824,0.3055
8825,0.6766
8826,0.4096
8827,1.0839
8828,0.2877
8829,0.5445
8830,0.6803
8831,0.8034
8832,0.1138
8833,0.4413
8834,0.5951
8835,0.367
8836,0.5724
8837,0.1575
8838,0.1833
8839,0.9207
8840,0.1704
8841,0.141
8842,0.1658
8843,0.2219
8844,0.6645
8845,0.1171
8846,0.6203
8847,0.6225
8848,0.662
8849,0.6404
8850,0.9152
8851,0.7001
8852,0.5909
8853,0.6833
8854,0.7211
8855,0.5091
8856,0.6152
8857,0.7574
8858,0.2768
8859,0.739
8860,0.7158
8861,0.5982
8862,0.2786
8863,0.3758
8864,0.3817
8865,0.4951
8866,0.4153
8867,1.2832
8868,0.416
8869,0.8499
8870,0.1998
8871,0.7067
8872,0.3262
8873,0.3711
8874,0.9029
8875,0.3007
8876,0.2781
8877,0.5756
8878,0.5566
8879,0.5407
8880,0.1998
8881,0.3765
8882,0.4326
8883,0.4048
8884,0.2089
8885,0.9879
8886,0.5697
8887,0.2874
8888,0.1044
8889,0.7662
8890,0.7327
8891,0.2059
8892,0.3089
8893,0.1529
8894,0.774
8895,0.4278
8896,0.3635
8897,0.5139
8898,0.4651
8899,0.4375
8900,0.534
8901,0.2768
8902,0.3671
8903,0.7904
8904,0.1909
8905,0.2472
8906,0.9838
8907,0.1712
8908,0.4783
8909,0.8401
8910,0.9102
8911,0.214
8912,0.4289
8913,0.1441
8914,0.2216
8915,0.2495
8916,0.4458
8917,0.3824
8918,0.2877
8919,0.6069
8920,0.8329
8921,0.4328
8922,0.2787
8923,0.5843
8924,0.2757
8925,0.3786
8926,0.6092
8927,0.2691
8928,0.9823
8929,0.8046
8930,0.5646
8931,0.7943
8932,0.2747
8933,0.8636
8934,0.5475
8935,0.3513
8936,0.2762
8937,0.6835
8938,0.4868
8939,0.4101
8940,0.6335
8941,0.4457
8942,0.3097
8943,0.4217
8944,0.197
8945,0.785
8946,0.3375
8947,0.4967
8948,0.309
8949,0.2715
8950,0.1979
8951,0.1646
8952,0.4674
8953,0.294
8954,0.5763
8955,0.2069
8956,0.6491
8957,0.1381
8958,0.3825
8959,0.4156
8960,0.2805
8961,0.8293
8962,0.4097
8963,0.2624
8964,0.4007
8965,1.1015
8966,0.5956
8967,0.9793
8968,0.4979
8969,0.4637
8970,1.2765
8971,0.7292
8972,0.6275
8973,0.5677
8974,0.5732
8975,0.7353
8976,0.5941
8977,0.6855
8978,0.2505
8979,0.5296
8980,0.1512
8981,0.327
8982,0.4813
8983,0.4935
8984,0.6961
8985,0.3064
8986,0.1958
8987,0.2917
8988,0.6091
8989,0.6661
8990,0.062
8991,0.6264
8992,0.5727
8993,0.2557
8994,0.4135
8995,0.4848
8996,0.4731
8997,0.9857
8998,0.8425
8999,0.6555
9000,0.1668
9001,0.2833
9002,0.5988
9003,0.1719
9004,0.7957
9005,0.3278
9006,0.5286
9007,0.1466
9008,0.5316
9009,0.5838
9010,0.8891
9011,0.3236
9012,0.5214
9013,0.3951
9014,0.343
9015,0.7172
9016,0.5411
9017,0.8808
9018,0.4505
9019,0.1533
9020,0.5355
9021,0.321
9022,0.1129
9023,0.7182
9024,0.4192
9025,0.6509
9026,0.8491
9027,0.5776
9028,0.5206
9029,0.6519
9030,0.7429
9031,0.7388
9032,0.6928
9033,0.492
9034,0.7114
9035,0.3205
9036,0.7263
9037,0.3889
9038,1.1529
9039,0.6702
9040,0.2363
9041,0.2286
9042,0.779
9043,1.2002
9044,0.4104
9045,0.2115
9046,0.2459
9047,0.2672
9048,0.6345
9049,0.3236
9050,0.3056
9051,0.2432
9052,0.2341
9053,0.2525
9054,0.3803
9055,0.9558
9056,0.486
9057,0.7056
9058,0.2486
9059,0.2992
9060,0.4361
9061,0.8303
9062,0.4524
9063,0.812
9064,0.5611
9065,0.2943
9066,0.1731
9067,0.6261
9068,0.3194
9069,0.3967
9070,0.7697
9071,0.2599
9072,0.5251
9073,0.2876
9074,0.6469
9075,0.3733
9076,0.802
9077,0.4601
9078,0.1819
9079,0.7906
9080,1.0555
9081,0.5148
9082,0.747
9083,0.5633
9084,0.4062
9085,0.8419
9086,0.3817
9087,0.8926
9088,0.592
9089,0.8337
9090,0.4624
9091,0.2831
9092,0.5356
9093,0.1151
9094,0.4584
9095,0.2498
9096,0.5539
9097,0.646
9098,0.7558
9099,1.8865
9100,0.4529
9101,0.4541
9102,0.8498
9103,0.4807
9104,0.5053
9105,0.1683
9106,0.4486
9107,0.3106
9108,0.67
9109,0.4084
9110,0.5594
9111,0.2418
9112,1.1086
9113,0.1428
9114,1.0542
9115,0.3545
9116,0.4122
9117,1.2088
9118,0.5777
9119,0.1402
9120,0.2346
9121,0.3782
9122,0.7312
9123,0.1893
9124,0.4177
9125,0.6331
9126,0.2728
9127,0.2243
9128,0.1694
9129,0.329
9130,0.6438
9131,0.6455
9132,0.2903
9133,0.4737
9134,0.8103
9135,0.3168
9136,0.7001
9137,0.8879
9138,0.602
9139,0.4007
9140,0.5479
9141,1.3449
9142,0.3718
9143,0.1441
9144,0.6657
9145,0.397
9146,0.6704
9147,1.042
9148,0.3491
9149,0.3574
9150,0.821
9151,0.5682
9152,0.6445
9153,1.0446
9154,0.581
9155,0.258
9156,0.2705
9157,0.3106
9158,0.3437
9159,0.3803
9160,0.2954
9161,0.496
9162,0.5409
9163,0.2265
9164,0.658
9165,0.3644
9166,0.3333
9167,0.2649
9168,0.1583
9169,0.3163
9170,0.1857
9171,0.2205
9172,0.1785
9173,0.4111
9174,0.202
9175,0.4048
9176,0.3441
9177,0.3173
9178,0.6426
9179,0.172
9180,0.5742
9181,0.3822
9182,0.4584
9183,0.7386
9184,0.3056
9185,0.4615
9186,0.3013
9187,0.7033
9188,0.1521
9189,0.2234
9190,0.1537
9191,0.593
9192,0.3721
9193,0.6279
9194,0.6231
9195,0.4701
9196,0.1789
9197,0.2322
9198,0.6173
9199,0.2632
9200,0.2732
9201,0.308
9202,0.1297
9203,0.5569
9204,0.6447
9205,0.5512
9206,0.5059
9207,0.6942
9208,0.5117
9209,0.8293
9210,0.2815
9211,0.3262
9212,0.4937
9213,0.2966
9214,0.4429
9215,0.7706
9216,0.2323
9217,0.6298
9218,0.4699
9219,0.1454
9220,0.4036
9221,0.1307
9222,0.265
9223,0.6711
9224,0.666
9225,0.2753
9226,1.056
9227,1.4849
9228,0.3232
9229,0.8228
9230,0.1362
9231,0.5565
9232,0.3073
9233,0.9169
9234,0.3408
9235,0.5498
9236,0.1105
9237,0.3569
9238,0.1896
9239,0.5338
9240,1.3506
9241,0.2815
9242,0.4891
9243,0.4236
9244,0.3658
9245,0.2397
9246,0.2723
9247,0.5037
9248,0.5404
9249,0.2211
9250,0.1676
9251,0.1455
9252,0.2221
9253,0.3666
9254,0.4252
9255,0.2839
9256,0.4044
9257,0.4048
9258,0.3096
9259,0.7091
9260,0.2508
9261,0.4583
9262,0.906
9263,0.5182
9264,0.766
9265,0.1486
9266,0.345
9267,0.5263
9268,1.1972
9269,0.4391
9270,1.0937
9271,0.4086
9272,0.7658
9273,0.2615
9274,0.2318
9275,0.184
9276,0.5377
9277,0.1399
9278,0.539
9279,0.6566
9280,0.5187
9281,0.2473
9282,0.3697
9283,0.1705
9284,0.5539
9285,0.3758
9286,0.4063
9287,0.6636
9288,0.736
9289,0.0977
9290,0.2228
9291,0.8163
9292,0.5639
9293,0.4497
9294,0.42
9295,0.1429
9296,0.9986
9297,0.2769
9298,0.7167
9299,0.0809
9300,0.4266
9301,0.4588
9302,0.374
9303,0.7654
9304,0.4735
9305,0.5805
9306,0.7143
9307,1.6202
9308,0.4348
9309,0.4401
9310,0.6382
9311,0.5047
9312,0.1909
9313,0.2208
9314,0.7071
9315,0.2207
9316,0.8374
9317,0.3033
9318,0.3467
9319,0.347
9320,0.7729
9321,0.3969
9322,0.3288
9323,0.5244
9324,0.8482
9325,0.3511
9326,0.2782
9327,0.5735
9328,0.5576
9329,0.6023
9330,0.4965
9331,0.2316
9332,0.2774
9333,0.7113
9334,0.5011
9335,0.2741
9336,0.155
9337,0.4324
9338,0.8159
9339,0.1798
9340,0.5313
9341,0.8367
9342,0.584
9343,0.1658
9344,0.4395
9345,0.6968
9346,0.7042
9347,0.3047
9348,0.3519
9349,0.6789
9350,0.5915
9351,0.8921
9352,0.8682
9353,0.3144
9354,0.6188
9355,0.454
9356,0.3583
9357,0.6401
9358,0.1735
9359,0.8579
9360,0.2343
9361,0.3716
9362,0.756
9363,0.3442
9364,0.2677
9365,0.3669
9366,0.707
9367,0.2228
9368,0.5109
9369,0.32
9370,0.8274
9371,0.9577
9372,0.8565
9373,1.192
9374,0.4153
9375,0.3705
9376,0.6034
9377,0.8561
9378,0.162
9379,0.345
9380,0.3236
9381,0.1727
9382,0.4925
9383,0.9532
9384,0.8672
9385,0.3414
9386,0.2856
9387,0.4473
9388,0.5194
9389,0.1568
9390,0.1876
9391,0.749
9392,0.3182
9393,0.3711
9394,0.4589
9395,0.2997
9396,0.2622
9397,0.2726
9398,0.4217
9399,0.7528
9400,0.4182
9401,0.1682
9402,0.4876
9403,0.4367
9404,0.9149
9405,0.3753
9406,0.1572
9407,0.5358
9408,1.2629
9409,0.3828
9410,0.5951
9411,0.3953
9412,0.1682
9413,0.6682
9414,0.2529
9415,0.2797
9416,0.727
9417,0.2075
9418,1.1223
9419,0.5449
9420,0.9725
9421,0.2498
9422,0.3976
9423,0.2638
9424,0.827
9425,0.6028
9426,0.6575
9427,0.5675
9428,0.1364
9429,0.7577
9430,0.4737
9431,0.6394
9432,0.3053
9433,0.4236
9434,0.7429
9435,0.1705
9436,0.9053
9437,0.6092
9438,0.3344
9439,1.0075
9440,0.3786
9441,0.3485
9442,0.2832
9443,0.4466
9444,0.2107
9445,0.4522
9446,0.8156
9447,0.7695
9448,0.3208
9449,0.5327
9450,0.68
9451,0.259
9452,0.1893
9453,0.1856
9454,0.3791
9455,0.9473
9456,0.1954
9457,0.3797
9458,1.0921
9459,0.4635
9460,0.7055
9461,0.494
9462,0.7357
9463,0.2909
9464,0.3131
9465,0.5653
9466,0.5083
9467,0.622
9468,0.1875
9469,0.7022
9470,0.7886
9471,0.3348
9472,1.1297
9473,0.8773
9474,0.4189
9475,0.5052
9476,0.7186
9477,0.3094
9478,0.3514
9479,0.2558
9480,0.648
9481,0.6457
9482,0.7
9483,0.4605
9484,0.6166
9485,0.5582
9486,0.5937
9487,0.636
9488,0.7381
9489,0.3456
9490,0.649
9491,0.7688
9492,0.7644
9493,0.2852
9494,0.1789
9495,0.6289
9496,0.342
9497,0.1798
9498,0.4143
9499,0.4497
9500,0.4698
9501,0.1829
9502,0.7357
9503,0.176
9504,0.5451
9505,0.7833
9506,0.7596
9507,0.5821
9508,0.6203
9509,0.6636
9510,0.6993
9511,0.9476
9512,0.3813
9513,0.151
9514,0.1665
9515,0.7246
9516,0.7863
9517,0.3656
9518,0.5192
9519,0.7263
9520,0.1839
9521,0.4553
9522,0.3295
9523,0.1758
9524,0.1249
9525,0.612
9526,0.5196
9527,0.4854
9528,0.6152
9529,0.429
9530,0.9788
9531,0.6842
9532,0.5939
9533,0.7506
9534,0.2285
9535,0.5574
9536,0.2525
9537,0.2643
9538,0.5433
9539,0.4757
9540,0.7237
9541,0.2297
9542,0.2891
9543,0.954
9544,0.4132
9545,0.4976
9546,0.3943
9547,0.6845
9548,0.6705
9549,0.4766
9550,0.5423
9551,0.4537
9552,0.5381
9553,0.3187
9554,0.3033
9555,0.8551
9556,0.9606
9557,0.3189
9558,0.2473
9559,0.6214
9560,0.4681
9561,0.6421
9562,0.3086
9563,0.2039
9564,0.2573
9565,0.4636
9566,0.137
9567,0.6879
9568,0.2499
9569,0.6222
9570,0.6319
9571,0.8241
9572,0.6993
9573,0.6705
9574,0.3319
9575,0.6661
9576,0.3288
9577,0.8733
9578,0.6155
9579,0.6451
9580,1.1142
9581,0.6893
9582,0.3254
9583,0.3286
9584,0.4601
9585,0.4531
9586,0.202
9587,0.2176
9588,0.23
9589,0.6433
9590,0.1765
9591,0.9844
9592,0.3155
9593,0.2495
9594,0.3397
9595,0.2706
9596,0.588
9597,0.2266
9598,0.252
9599,0.4031
9600,0.5164
9601,0.2707
9602,0.8912
9603,0.1266
9604,0.663
9605,0.7468
9606,0.4687
9607,0.7977
9608,0.5267
9609,0.7984
9610,0.419
9611,0.5269
9612,0.2624
9613,0.4112
9614,0.7589
9615,0.402
9616,0.3491
9617,0.714
9618,0.4128
9619,0.2691
9620,0.642
9621,0.3529
9622,1.034
9623,0.3527
9624,0.4088
9625,0.3468
9626,0.5632
9627,0.6838
9628,0.1851
9629,0.4187
9630,0.6033
9631,0.7019
9632,0.5217
9633,0.4201
9634,0.5619
9635,0.7912
9636,0.4237
9637,0.1989
9638,0.2097
9639,0.482
9640,0.4131
9641,0.4736
9642,1.0553
9643,0.3911
9644,0.7022
9645,0.4276
9646,0.6374
9647,0.6157
9648,0.2265
9649,0.5677
9650,0.2128
9651,0.5896
9652,0.9525
9653,0.638
9654,0.229
9655,0.4303
9656,0.4302
9657,0.349
9658,0.8034
9659,0.2799
9660,0.3607
9661,0.5891
9662,0.6532
9663,0.8137
9664,0.3361
9665,0.3716
9666,0.3541
9667,0.2814
9668,0.522
9669,0.2689
9670,0.138
9671,0.6965
9672,0.2911
9673,0.2181
9674,0.6791
9675,0.2477
9676,0.4354
9677,0.632
9678,0.4798
9679,0.8362
9680,0.4588
9681,0.217
9682,0.5209
9683,0.2746
9684,0.2471
9685,0.7588
9686,0.8464
9687,0.5551
9688,0.5419
9689,0.2105
9690,0.3629
9691,0.7547
9692,0.4974
9693,0.8916
9694,0.4916
9695,0.3054
9696,0.6748
9697,0.1366
9698,0.6972
9699,0.3086
9700,0.6478
9701,0.2946
9702,0.6313
9703,0.7844
9704,0.5539
9705,0.6932
9706,0.4356
9707,0.069
9708,0.4716
9709,0.6832
9710,0.2357
9711,0.1819
9712,0.8213
9713,0.9701
9714,0.3744
9715,0.3171
9716,0.7602
9717,0.409
9718,0.3505
9719,0.5657
9720,0.22
9721,0.4472
9722,0.5318
9723,0.3607
9724,0.2208
9725,0.1978
9726,0.2132
9727,0.736
9728,0.447
9729,1.1275
9730,1.2219
9731,0.3785
9732,0.3072
9733,0.526
9734,0.1714
9735,0.2787
9736,0.5669
9737,0.346
9738,0.4249
9739,0.7124
9740,0.1248
9741,0.6811
9742,0.257
9743,0.3221
9744,0.8102
9745,0.5006
9746,0.4207
9747,0.2615
9748,0.2396
9749,0.6101
9750,0.2235
9751,0.368
9752,0.3913
9753,0.4131
9754,0.2362
9755,0.9819
9756,0.1449
9757,0.8759
9758,0.5649
9759,0.4169
9760,0.2829
9761,0.687
9762,0.1996
9763,0.129
9764,1.3552
9765,0.3593
9766,0.3952
9767,0.7682
9768,0.3642
9769,0.5317
9770,0.2389
9771,0.6686
9772,0.3044
9773,0.7667
9774,0.2567
9775,0.8041
9776,0.4171
9777,0.2065
9778,0.7124
9779,0.3666
9780,0.2658
9781,0.5591
9782,0.2638
9783,0.6001
9784,0.3356
9785,0.4054
9786,0.5571
9787,0.6223
9788,0.3004
9789,0.6255
9790,0.3479
9791,0.7236
9792,0.3614
9793,0.8229
9794,0.3499
9795,0.6908
9796,0.2317
9797,0.8542
9798,0.4609
9799,0.6474
9800,0.5287
9801,0.689
9802,0.7387
9803,0.1701
9804,0.7958
9805,0.4161
9806,0.8389
9807,0.7577
9808,0.4633
9809,0.5033
9810,0.8481
9811,0.6676
9812,0.7653
9813,0.506
9814,0.6312
9815,0.3715
9816,1.2535
9817,0.8711
9818,0.4261
9819,0.3013
9820,0.6935
9821,0.3233
9822,0.2293
9823,0.5615
9824,0.9212
9825,0.7538
9826,1.0845
9827,0.4645
9828,0.4498
9829,0.1049
9830,0.3147
9831,0.4845
9832,0.3628
9833,0.6431
9834,0.4626
9835,0.6383
9836,0.2769
9837,0.1512
9838,0.8524
9839,0.2171
9840,0.9908
9841,0.2945
9842,0.1383
9843,1.0058
9844,0.3263
9845,0.2401
9846,0.7483
9847,0.2007
9848,0.3955
9849,0.3978
9850,0.2804
9851,0.4597
9852,0.1957
9853,0.47
9854,0.7477
9855,0.5353
9856,0.4131
9857,0.3016
9858,1.06
9859,0.2711
9860,0.5227
9861,0.784
9862,0.4662
9863,0.4964
9864,0.2684
9865,0.7016
9866,0.1577
9867,0.686
9868,0.8087
9869,0.8273
9870,0.567
9871,0.372
9872,0.5037
9873,0.2663
9874,0.4875
9875,0.3583
9876,0.1611
9877,0.147
9878,0.5399
9879,0.6009
9880,0.5734
9881,0.5358
9882,0.4773
9883,0.2053
9884,0.3022
9885,0.1396
9886,0.7599
9887,0.7612
9888,0.2617
9889,0.6659
9890,0.3891
9891,1.308
9892,0.6594
9893,0.513
9894,0.2711
9895,0.7714
9896,0.5919
9897,0.5234
9898,0.3503
9899,0.2378
9900,0.4223
9901,0.5639
9902,1.2614
9903,0.8993
9904,0.5509
9905,0.8549
9906,0.4224
9907,0.4964
9908,0.5568
9909,0.2249
9910,0.1068
9911,0.453
9912,0.3825
9913,0.7448
9914,0.6729
9915,0.2396
9916,0.3531
9917,0.2506
9918,0.2382
9919,0.4052
9920,0.4804
9921,0.1637
9922,0.3152
9923,0.5229
9924,0.3589
9925,0.9294
9926,0.6803
9927,0.5325
9928,0.5592
9929,0.2716
9930,0.7506
9931,0.7895
9932,0.6179
9933,0.1925
9934,0.4648
9935,0.3539
9936,0.5705
9937,0.4457
9938,0.6559
9939,1.0303
9940,0.5358
9941,0.6748
9942,0.2651
9943,0.4255
9944,0.5068
9945,0.4372
9946,0.6031
9947,0.3924
9948,0.7758
9949,0.3152
9950,0.8162
9951,0.5915
9952,0.6374
9953,0.5924
9954,0.4736
9955,0.8602
9956,0.8088
9957,0.7575
9958,0.5383
9959,0.4277
9960,0.7174
9961,0.8243
9962,0.3359
9963,0.2669
9964,0.5983
9965,1.0373
9966,0.2561
9967,0.4783
9968,0.1548
9969,0.3306
9970,0.5425
9971,0.2468
9972,0.5915
9973,0.7103
9974,0.8172
9975,0.3957
9976,0.3492
9977,0.734
9978,1.1464
9979,0.4866
9980,0.3188
9981,0.1736
9982,0.6607
9983,1.0833
9984,0.4088
9985,0.4627
9986,0.2919
9987,0.6084
9988,1.0996
9989,0.6915
9990,0.307
9991,0.474
9992,0.5461
9993,0.5974
9994,0.3412
9995,0.2944
9996,0.1371
9997,0.2721
9998,0.3312
9999,0.4378
10000,0.3999
10001,0.8622
10002,0.2273
10003,0.6339
10004,0.5664
10005,0.2109
10006,0.4973
10007,0.1895
10008,0.2962
10009,0.248
10010,0.2695
10011,0.7064
10012,0.1719
10013,0.6415
10014,0.5394
10015,0.6926
10016,0.2537
10017,0.6869
10018,0.3267
10019,0.6807
10020,0.5251
10021,0.466
10022,0.6318
10023,0.4014
10024,0.9755
10025,0.6195
10026,0.3314
10027,0.7748
10028,0.9613
10029,0.603
10030,0.5416
10031,0.6134
10032,0.3878
10033,0.5888
10034,0.7342
10035,0.1301
10036,0.8332
10037,0.7428
10038,0.1733
10039,0.6253
10040,0.314
10041,0.3263
10042,1.0405
10043,0.0864
10044,0.2778
10045,0.5404
10046,0.3382
10047,0.5646
10048,0.374
10049,0.5568
10050,0.6248
10051,0.4633
10052,0.1942
10053,0.3328
10054,0.251
10055,0.7511
10056,0.3258
10057,0.235
10058,0.4722
10059,0.3989
10060,0.8904
10061,0.9225
10062,0.2045
10063,0.6372
10064,0.3457
10065,0.7242
10066,0.5066
10067,0.3291
10068,0.724
10069,0.1959
10070,0.877
10071,0.3118
10072,0.1886
10073,0.3758
10074,1.0003
10075,0.6513
10076,0.5579
10077,0.3579
10078,0.1814
10079,0.3731
10080,0.7023
10081,1.0618
10082,0.6985
10083,0.1987
10084,0.3415
10085,0.2948
10086,0.1927
10087,0.9056
10088,0.5975
10089,0.4675
10090,0.6606
10091,0.4565
10092,0.2547
10093,0.4265
10094,0.5706
10095,0.7745
10096,0.965
10097,0.3803
10098,0.7375
10099,0.6724
10100,0.438
10101,0.2416
10102,0.3192
10103,0.6928
10104,0.5335
10105,0.365
10106,0.3351
10107,0.3899
10108,0.2725
10109,0.239
10110,0.3628
10111,0.3673
10112,0.4483
10113,0.7081
10114,0.2863
10115,0.5507
10116,0.8911
10117,0.7286
10118,0.5426
10119,0.6732
10120,0.3289
10121,0.8629
10122,0.2752
10123,0.6583
10124,0.3618
10125,0.8273
10126,0.1864
10127,0.2517
10128,0.5456
10129,0.2803
10130,0.857
10131,0.2398
10132,0.6727
10133,0.2233
10134,0.231
10135,0.6059
10136,0.3413
10137,0.9596
10138,0.1967
10139,0.5797
10140,0.4706
10141,0.183
10142,0.634
10143,0.4225
10144,0.2114
10145,0.5187
10146,0.4295
10147,0.4533
10148,0.2462
10149,0.2713
10150,0.1496
10151,0.4312
10152,0.794
10153,0.1783
10154,0.6924
10155,0.461
10156,0.4517
10157,1.182
10158,0.7512
10159,0.345
10160,0.3131
10161,0.15
10162,0.3367
10163,0.3009
10164,0.4841
10165,0.6758
10166,0.8554
10167,0.1566
10168,0.2654
10169,0.6633
10170,0.8801
10171,0.3587
10172,0.2329
10173,0.8226
10174,0.3622
10175,0.4813
10176,1.282
10177,0.5817
10178,0.305
10179,0.1533
10180,0.641
10181,0.5779
10182,0.5272
10183,0.7437
10184,0.8772
10185,0.2488
10186,0.2847
10187,0.1343
10188,0.6593
10189,0.6444
10190,0.3904
10191,0.4998
10192,0.555
10193,0.2544
10194,0.3035
10195,0.3754
10196,0.6834
10197,0.6872
10198,0.7201
10199,0.6777
10200,0.33
10201,0.2046
10202,0.3574
10203,0.3738
10204,0.6346
10205,0.3118
10206,0.5935
10207,0.7361
10208,0.8028
10209,0.2221
10210,0.5025
10211,0.1262
10212,0.5379
10213,0.2809
10214,0.927
10215,0.1297
10216,0.5458
10217,0.6609
10218,0.657
10219,0.5456
10220,0.4514
10221,0.3726
10222,0.4984
10223,0.2594
10224,0.6395
10225,0.2161
10226,0.364
10227,0.6247
10228,0.3926
10229,0.8905
10230,0.9179
10231,0.5518
10232,0.3138
10233,0.2101
10234,0.1475
10235,0.1335
10236,0.8259
10237,0.227
10238,0.2598
10239,0.6714
10240,0.1082
10241,0.9183
10242,0.4789
10243,0.3693
10244,0.2284
10245,0.5468
10246,0.4324
10247,0.7435
10248,1.0263
10249,0.7556
10250,0.7078
10251,0.3209
10252,0.3372
10253,0.3347
10254,0.3988
10255,0.2002
10256,0.1798
10257,0.5496
10258,0.3327
10259,0.2999
10260,0.6139
10261,0.6981
10262,0.5187
10263,0.4796
10264,1.194
10265,0.4541
10266,0.2992
10267,0.6265
10268,0.5512
10269,0.7716
10270,0.4851
10271,1.0651
10272,0.2373
10273,0.3021
10274,0.5997
10275,0.3954
10276,0.348
10277,0.2055
10278,0.6295
10279,0.6003
10280,0.6749
10281,0.3097
10282,0.3904
10283,0.9931
10284,0.2343
10285,0.4566
10286,0.2679
10287,0.796
10288,0.5263
10289,0.3022
10290,0.1974
10291,0.4991
10292,0.9068
10293,0.862
10294,0.5731
10295,0.2647
10296,0.2885
10297,0.2734
10298,0.8172
10299,0.2133
10300,0.3498
10301,0.9534
10302,0.8908
10303,0.7235
10304,0.6022
10305,0.5663
10306,0.262
10307,0.1481
10308,0.8406
10309,0.3268
10310,0.4576
10311,0.8422
10312,0.2233
10313,0.5128
10314,0.7287
10315,0.854
10316,0.2667
10317,0.5334
10318,0.418
10319,0.6111
10320,0.4834
10321,0.5866
10322,0.1624
10323,0.6627
10324,0.4497
10325,0.6282
10326,0.5746
10327,0.5633
10328,0.6993
10329,0.2949
10330,1.0761
10331,0.527
10332,0.4925
10333,0.1379
10334,0.4267
10335,0.221
10336,0.6657
10337,0.638
10338,0.6764
10339,0.5615
10340,0.1101
10341,0.2165
10342,0.6559
10343,0.8711
10344,0.8547
10345,0.1793
10346,0.6133
10347,0.4524
10348,0.349
10349,0.3256
10350,0.2569
10351,0.686
10352,0.2907
10353,0.673
10354,0.6872
10355,0.4086
10356,0.7396
10357,0.1287
10358,0.6208
10359,0.2117
10360,0.8285
10361,0.5716
10362,0.5994
10363,0.6532
10364,0.1795
10365,0.1733
10366,0.6512
10367,0.341
10368,0.5607
10369,0.6803
10370,0.5131
10371,0.1717
10372,0.3481
10373,1.2848
10374,0.5178
10375,0.672
10376,0.6091
10377,0.9458
10378,0.4122
10379,0.3633
10380,0.3771
10381,0.3757
10382,0.2247
10383,1.0283
10384,0.3187
10385,0.2186
10386,0.8257
10387,0.7639
10388,0.2963
10389,0.5325
10390,0.6979
10391,0.5708
10392,0.4964
10393,0.6814
10394,0.6931
10395,0.3163
10396,0.3037
10397,0.3984
10398,0.6038
10399,0.9071
10400,0.6233
10401,0.7013
10402,0.1265
10403,0.3094
10404,0.7158
10405,0.8674
10406,0.4213
10407,0.804
10408,0.9258
10409,0.2259
10410,0.7016
10411,0.8587
10412,0.1089
10413,0.6163
10414,1.1359
10415,0.7218
10416,0.6584
10417,1.0519
10418,0.3867
10419,0.4896
10420,0.5554
10421,0.5594
10422,0.3039
10423,0.1442
10424,0.5807
10425,0.4526
10426,0.4206
10427,0.4469
10428,0.1144
10429,0.2169
10430,0.6626
10431,0.6109
10432,0.2169
10433,0.6486
10434,0.6425
10435,0.584
10436,0.279
10437,0.1414
10438,0.3882
10439,0.7682
10440,0.9795
10441,0.4751
10442,0.7154
10443,0.2918
10444,0.2676
10445,0.2954
10446,0.8719
10447,1.2244
10448,0.5114
10449,0.9389
10450,0.4335
10451,0.7329
10452,0.1468
10453,0.3262
10454,0.6752
10455,0.605
10456,0.4984
10457,0.1541
10458,0.5304
10459,0.5074
10460,0.6042
10461,0.1689
10462,0.4669
10463,0.3865
10464,0.4086
10465,0.5999
10466,0.7464
10467,0.3745
10468,0.7361
10469,0.4078
10470,0.2634
10471,0.6157
10472,0.4089
10473,0.5931
10474,0.5716
10475,0.2284
10476,0.1759
10477,0.537
10478,0.2894
10479,0.857
10480,0.4407
10481,0.4654
10482,0.4751
10483,0.3047
10484,0.364
10485,0.3776
10486,0.3516
10487,0.6619
10488,0.1023
10489,0.2071
10490,0.3465
10491,0.3442
10492,0.7781
10493,0.4638
10494,0.6689
10495,0.6039
10496,0.4035
10497,0.4439
10498,0.4866
10499,0.2819
10500,0.4012
10501,0.5712
10502,0.3624
10503,0.8679
10504,0.2678
10505,0.1266
10506,0.3102
10507,0.1851
10508,0.4309
10509,0.3472
10510,0.3268
10511,0.4305
10512,0.7351
10513,0.6218
10514,0.4578
10515,0.7932
10516,0.6633
10517,0.8425
10518,0.2335
10519,0.5034
10520,0.613
10521,1.0159
10522,0.4513
10523,0.3628
10524,0.7486
10525,0.3392
10526,0.4484
10527,0.7627
10528,0.6054
10529,0.7469
10530,0.3136
10531,0.3057
10532,0.472
10533,0.746
10534,0.6014
10535,0.235
10536,0.7649
10537,0.7486
10538,0.1913
10539,0.4017
10540,0.5498
10541,0.311
10542,0.9216
10543,0.4516
10544,0.3353
10545,0.2073
10546,0.5179
10547,0.3432
10548,0.3795
10549,1.2965
10550,0.4311
10551,0.185
10552,0.3791
10553,0.1965
10554,0.7911
10555,0.606
10556,0.37
10557,1.0415
10558,0.2115
10559,0.4119
10560,0.556
10561,0.3738
10562,0.1666
10563,0.8746
10564,0.2756
10565,0.3425
10566,0.8227
10567,0.6578
10568,0.5267
10569,1.0928
10570,0.6275
10571,0.6609
10572,0.3679
10573,0.1674
10574,0.8688
10575,0.7297
10576,0.6092
10577,0.5025
10578,0.3812
10579,1.1068
10580,0.5447
10581,0.6325
10582,0.3882
10583,0.4023
10584,0.1995
10585,0.4692
10586,0.5135
10587,0.1924
10588,0.6225
10589,0.7453
10590,0.5064
10591,0.7318
10592,0.4901
10593,0.239
10594,0.5122
10595,0.5502
10596,0.7977
10597,0.4246
10598,0.5579
10599,0.724
10600,0.7288
10601,0.738
10602,0.2073
10603,0.1287
10604,0.3985
10605,0.3756
10606,0.6727
10607,0.408
10608,0.5875
10609,0.4508
10610,0.217
10611,0.5723
10612,1.0913
10613,0.286
10614,0.241
10615,0.6443
10616,0.6141
10617,0.3368
10618,0.1094
10619,0.6494
10620,0.697
10621,0.826
10622,1.283
10623,0.1859
10624,0.2782
10625,0.2599
10626,0.2491
10627,0.7723
10628,0.1561
10629,0.1407
10630,0.4296
10631,0.3063
10632,0.4821
10633,0.2697
10634,0.5469
10635,0.4975
10636,0.7123
10637,0.651
10638,0.5578
10639,0.56
10640,0.2472
10641,0.1273
10642,0.7427
10643,0.5615
10644,0.4074
10645,0.2181
10646,0.2159
10647,0.414
10648,0.8566
10649,0.3096
10650,0.4542
10651,0.2189
10652,0.7133
10653,0.3433
10654,0.1273
10655,0.3083
10656,0.4935
10657,0.2056
10658,0.6528
10659,0.6492
10660,0.5712
10661,0.49
10662,0.2451
10663,0.1768
10664,0.5668
10665,0.5505
10666,1.0835
10667,0.385
10668,0.7324
10669,0.4302
10670,0.2824
10671,0.3738
10672,0.3053
10673,0.5484
10674,0.1863
10675,0.6333
10676,1.141
10677,0.3084
10678,0.5021
10679,0.5706
10680,0.4361
10681,0.151
10682,0.2823
10683,0.157
10684,0.7456
10685,0.3798
10686,0.7133
10687,0.3812
10688,0.5215
10689,0.661
10690,0.1311
10691,0.405
10692,0.2452
10693,0.4574
10694,0.2224
10695,0.7493
10696,0.2723
10697,0.1166
10698,0.4963
10699,0.6147
10700,0.7344
10701,0.1579
10702,0.5728
10703,0.848
10704,0.5624
10705,0.375
10706,0.2262
10707,0.1959
10708,0.6188
10709,1.0627
10710,0.8099
10711,0.3263
10712,0.187
10713,0.7439
10714,0.3869
10715,0.6272
10716,1.0223
10717,0.2002
10718,0.8642
10719,0.4398
10720,0.1579
10721,1.5863
10722,0.6397
10723,0.2114
10724,0.2177
10725,0.2677
10726,0.6455
10727,0.3608
10728,0.2889
10729,0.7666
10730,0.4303
10731,0.8806
10732,0.1951
10733,1.1005
10734,0.3222
10735,0.4221
10736,0.9234
10737,1.1028
10738,0.5715
10739,0.7391
10740,0.2242
10741,0.5806
10742,0.5922
10743,0.6847
10744,0.5867
10745,0.7594
10746,0.4842
10747,0.3873
10748,0.1455
10749,0.3722
10750,0.8249
10751,0.6625
10752,0.246
10753,1.2011
10754,0.2747
10755,0.5457
10756,0.4072
10757,0.3946
10758,0.2842
10759,0.4282
10760,0.4216
10761,0.2813
10762,0.8346
10763,0.7197
10764,0.9357
10765,0.2067
10766,0.5113
10767,0.1306
10768,0.8637
10769,0.8055
10770,0.4175
10771,0.8599
10772,0.3684
10773,0.5592
10774,0.7192
10775,0.6876
10776,0.727
10777,0.736
10778,0.7443
10779,0.4054
10780,0.3428
10781,0.5535
10782,0.3023
10783,0.2427
10784,0.7478
10785,0.1794
10786,0.1082
10787,0.2223
10788,0.5748
10789,0.5476
10790,0.8079
10791,0.5256
10792,0.2372
10793,0.4836
10794,0.4375
10795,0.4044
10796,0.3502
10797,0.7714
10798,0.9724
10799,0.6835
10800,0.8347
10801,0.443
10802,0.2498
10803,0.1435
10804,0.8721
10805,0.3201
10806,0.4262
10807,0.4871
10808,0.206
10809,0.4669
10810,0.4474
10811,0.7068
10812,0.62
10813,0.2394
10814,0.3748
10815,0.686
10816,0.8426
10817,0.8004
10818,0.2031
10819,0.2805
10820,0.5288
10821,0.3537
10822,0.5677
10823,0.2336
10824,0.6264
10825,0.4182
10826,0.8633
10827,0.767
10828,0.568
10829,0.3647
10830,0.8136
10831,0.4665
10832,0.1219
10833,0.5379
10834,0.2454
10835,1.5589
10836,0.81
10837,0.7776
10838,0.5764
10839,0.2605
10840,0.4012
10841,0.1788
10842,0.4205
10843,1.1154
10844,0.7595
10845,0.3158
10846,0.4484
10847,0.8923
10848,0.6413
10849,0.2052
10850,0.4049
10851,0.7281
10852,0.2021
10853,0.3277
10854,0.6524
10855,0.2917
10856,0.4845
10857,0.6897
10858,0.1966
10859,0.2372
10860,0.8554
10861,0.5383
10862,0.6679
10863,0.7082
10864,1.0296
10865,1.2591
10866,0.3195
10867,0.2827
10868,0.6469
10869,0.8023
10870,0.4912
10871,0.5787
10872,0.2275
10873,0.1075
10874,0.1646
10875,0.7008
10876,0.2666
10877,0.5658
10878,0.8161
10879,0.7662
10880,0.3843
10881,0.3135
10882,0.5825
10883,0.6449
10884,0.6018
10885,0.1997
10886,0.5303
10887,1.0071
10888,0.651
10889,1.1739
10890,0.4441
10891,0.1603
10892,0.3108
10893,0.551
10894,0.1271
10895,0.1881
10896,0.279
10897,0.1857
10898,0.7382
10899,0.3447
10900,0.7038
10901,0.4646
10902,0.5779
10903,0.4738
10904,0.343
10905,0.2829
10906,0.197
10907,0.4727
10908,0.7107
10909,0.6837
10910,0.4088
10911,0.5276
10912,0.818
10913,0.16
10914,0.7029
10915,0.5386
10916,1.0177
10917,0.5775
10918,0.4602
10919,0.9714
10920,0.3651
10921,0.2194
10922,0.4513
10923,0.5236
10924,1.308
10925,0.1824
10926,0.8469
10927,0.2422
10928,0.2133
10929,0.3584
10930,0.5443
10931,0.6025
10932,0.7053
10933,0.1661
10934,0.5678
10935,0.2811
10936,0.6525
10937,0.7455
10938,0.4394
10939,0.3071
10940,0.4764
10941,0.257
10942,0.3499
10943,0.6394
10944,0.579
10945,0.3054
10946,0.7999
10947,0.4671
10948,0.7545
10949,0.6786
10950,0.1602
10951,0.2247
10952,0.3348
10953,0.2074
10954,0.6353
10955,0.1722
10956,0.5425
10957,0.8791
10958,0.4491
10959,0.5597
10960,0.6809
10961,0.8779
10962,0.4492
10963,0.305
10964,0.7325
10965,0.4939
10966,0.1929
10967,0.4544
10968,0.1903
10969,0.9547
10970,0.512
10971,0.455
10972,0.2974
10973,0.5737
10974,0.7685
10975,0.1107
10976,0.691
10977,0.4611
10978,0.179
10979,0.4399
10980,0.6829
10981,0.3198
10982,0.8633
10983,0.1062
10984,0.4252
10985,0.1839
10986,0.8651
10987,0.6279
10988,0.7613
10989,0.6913
10990,0.9765
10991,0.8602
10992,0.4451
10993,0.6177
10994,0.5936
10995,0.6406
10996,0.5512
10997,0.6063
10998,0.4392
10999,0.3284
11000,0.4572
11001,0.3225
11002,0.532
11003,0.1592
11004,0.5494
11005,0.2381
11006,0.3928
11007,0.2214
11008,0.7817
11009,0.2559
11010,0.456
11011,0.2201
11012,0.3653
11013,0.5681
11014,0.488
11015,0.138
11016,0.8659
11017,0.355
11018,0.202
11019,0.7143
11020,0.7574
11021,0.5835
11022,0.4932
11023,0.4447
11024,0.5568
11025,0.2203
11026,0.3631
11027,0.9125
11028,0.5709
11029,0.7804
11030,0.4095
11031,0.247
11032,0.4145
11033,0.1479
11034,0.1492
11035,0.5156
11036,0.4104
11037,0.1404
11038,0.699
11039,0.8356
11040,0.6453
11041,0.5294
11042,0.3335
11043,0.5997
11044,0.5949
11045,0.8909
11046,0.3744
11047,0.3215
11048,0.541
11049,0.283
11050,0.5332
11051,0.2848
11052,0.9591
11053,0.2437
11054,0.5974
11055,0.1696
11056,0.6275
11057,0.2037
11058,0.6135
11059,0.4882
11060,0.6816
11061,0.2086
11062,0.3338
11063,0.3041
11064,1.0604
11065,0.3347
11066,0.2682
11067,0.6942
11068,0.5633
11069,1.0503
11070,0.4331
11071,0.2089
11072,0.5661
11073,0.9082
11074,0.6445
11075,0.1307
11076,0.2351
11077,0.3547
11078,0.3149
11079,0.7011
11080,0.3885
11081,0.5067
11082,0.4214
11083,0.8098
11084,0.2128
11085,0.2774
11086,0.2408
11087,0.599
11088,0.3741
11089,0.4077
11090,0.6116
11091,0.6424
11092,0.3918
11093,0.2756
11094,0.4589
11095,0.3802
11096,0.4453
11097,0.3731
11098,0.6099
11099,0.3484
11100,0.7448
11101,0.2602
11102,0.1941
11103,0.5988
11104,0.4142
11105,0.5956
11106,0.4906
11107,0.552
11108,0.73
11109,0.248
11110,0.4702
11111,0.3496
11112,0.5029
11113,0.386
11114,0.2403
11115,0.8746
11116,0.1743
11117,0.1694
11118,0.7438
11119,0.7958
11120,0.5836
11121,0.265
11122,0.8543
11123,0.3554
11124,0.4726
11125,0.3688
11126,0.5424
11127,0.3044
11128,1.3597
11129,0.6359
11130,0.3465
11131,0.3875
11132,0.6313
11133,0.4453
11134,0.6033
11135,1.278
11136,0.6685
11137,0.1487
11138,0.3027
11139,0.7552
11140,0.4254
11141,0.2419
11142,0.3214
11143,0.4609
11144,0.2568
11145,0.425
11146,0.7861
11147,0.8459
11148,0.1482
11149,0.127
11150,0.1246
11151,0.7369
11152,0.381
11153,0.6502
11154,0.5146
11155,0.4763
11156,0.2699
11157,0.1659
11158,0.2443
11159,0.628
11160,0.645
11161,0.4091
11162,0.8395
11163,0.1926
11164,0.2733
11165,0.7078
11166,0.7744
11167,0.4819
11168,1.0686
11169,0.8007
11170,0.6546
11171,0.2566
11172,0.2027
11173,0.3381
11174,0.9358
11175,0.364
11176,0.311
11177,0.8064
11178,0.433
11179,0.4401
11180,0.7982
11181,0.1486
11182,0.2645
11183,0.3743
11184,0.5619
11185,0.2136
11186,0.3824
11187,0.5796
11188,0.2102
11189,0.5264
11190,0.6464
11191,0.3837
11192,0.1446
11193,1.0997
11194,0.5181
11195,0.4767
11196,0.6871
11197,0.4908
11198,1.0447
11199,0.9453
11200,0.997
11201,0.6682
11202,0.344
11203,0.9434
11204,0.9592
11205,0.2281
11206,0.5442
11207,0.7126
11208,1.1831
11209,0.5237
11210,0.328
11211,0.3568
11212,0.2309
11213,0.5656
11214,0.4093
11215,0.4016
11216,0.6419
11217,0.5903
11218,0.8873
11219,0.1545
11220,0.8531
11221,1.3681
11222,0.5631
11223,0.5074
11224,0.3281
11225,0.845
11226,0.5186
11227,0.5096
11228,0.5742
11229,0.4857
11230,0.3372
11231,0.9568
11232,0.4363
11233,0.7137
11234,0.6515
11235,0.7188
11236,0.6459
11237,0.4735
11238,0.6301
11239,0.164
11240,0.7479
11241,0.5829
11242,0.255
11243,0.2298
11244,1.0271
11245,0.3798
11246,0.1182
11247,0.6675
11248,0.364
11249,0.4763
11250,0.4362
11251,0.4184
11252,0.6037
11253,0.6898
11254,0.5261
11255,0.5458
11256,0.3251
11257,0.5577
11258,0.6765
11259,0.332
11260,0.5315
11261,0.2846
11262,0.2497
11263,0.663
11264,0.5811
11265,0.2097
11266,0.5909
11267,0.477
11268,0.378
11269,0.4386
11270,0.3375
11271,0.3215
11272,0.6032
11273,0.1296
11274,0.6839
11275,0.4968
11276,0.806
11277,0.2616
11278,0.4114
11279,0.5121
11280,0.7293
11281,0.1854
11282,0.3184
11283,0.1854
11284,0.6061
11285,0.2579
11286,0.1902
11287,0.377
11288,0.4546
11289,0.4943
11290,0.7268
11291,0.5852
11292,0.276
11293,0.4716
11294,0.174
11295,0.77
11296,0.6278
11297,0.6773
11298,0.4586
11299,0.3439
11300,0.6551
11301,0.1539
11302,0.6395
11303,0.2786
11304,0.5254
11305,0.3542
11306,0.8549
11307,0.1693
11308,0.2174
11309,0.2516
11310,0.8502
11311,0.3187
11312,0.2222
11313,0.2594
11314,0.3654
11315,0.2195
11316,0.2893
11317,0.5802
11318,0.5265
11319,0.5698
11320,0.5785
11321,0.4561
11322,0.4492
11323,0.3767
11324,0.5921
11325,0.4431
11326,1.0797
11327,0.7346
11328,0.721
11329,0.1475
11330,0.226
11331,0.447
11332,0.5258
11333,0.389
11334,0.4961
11335,0.155
11336,0.4062
11337,0.7263
11338,0.7349
11339,0.1891
11340,0.4007
11341,0.3428
11342,0.4708
11343,0.619
11344,0.3029
11345,0.4297
11346,0.5647
11347,0.5155
11348,0.772
11349,0.5731
11350,0.1233
11351,0.8572
11352,0.3378
11353,0.7476
11354,0.2851
11355,0.7208
11356,0.7988
11357,0.3094
11358,0.45
11359,0.8423
11360,0.3895
11361,0.8072
11362,0.7323
11363,0.7198
11364,0.8546
11365,0.5333
11366,0.8108
11367,0.2231
11368,0.3618
11369,0.3004
11370,0.7615
11371,0.3312
11372,0.5294
11373,0.3037
11374,0.6978
11375,0.6985
11376,0.3418
11377,0.612
11378,0.5728
11379,0.1803
11380,0.7627
11381,0.575
11382,0.8695
11383,0.825
11384,0.5112
11385,0.3744
11386,0.7096
11387,1.0286
11388,0.404
11389,0.2683
11390,0.5705
11391,0.6284
11392,0.2972
11393,0.6564
11394,0.9989
11395,0.4283
11396,0.2856
11397,0.7342
11398,0.6819
11399,0.5401
11400,0.4215
11401,0.4945
11402,0.3089
11403,0.7391
11404,0.3318
11405,0.8254
11406,0.2916
11407,0.8374
11408,0.5471
11409,0.6106
11410,0.1636
11411,1.0008
11412,0.4463
11413,0.4756
11414,0.1933
11415,0.5755
11416,0.4907
11417,0.7104
11418,0.2814
11419,0.3974
11420,0.1455
11421,0.5823
11422,0.3356
11423,0.2175
11424,0.3547
11425,0.1317
11426,0.2411
11427,0.2792
11428,0.3284
11429,0.7356
11430,0.8527
11431,0.1144
11432,0.274
11433,0.9686
11434,0.4014
11435,0.5231
11436,0.346
11437,0.3335
11438,0.1618
11439,0.6079
11440,1.2235
11441,0.5479
11442,0.3218
11443,1.0113
11444,0.2008
11445,0.1304
11446,0.4832
11447,0.4666
11448,0.4702
11449,0.1154
11450,0.6785
11451,0.3073
11452,0.444
11453,0.6482
11454,0.2301
11455,0.2922
11456,1.0428
11457,0.4221
11458,0.4626
11459,0.6106
11460,0.6092
11461,0.4165
11462,0.8374
11463,0.642
11464,1.2566
11465,0.7775
11466,0.1956
11467,0.4384
11468,0.5843
11469,1.0849
11470,0.5043
11471,0.3351
11472,0.4389
11473,0.4464
11474,0.4826
11475,0.4095
11476,0.6134
11477,0.5926
11478,0.2925
11479,0.4988
11480,0.5236
11481,0.9223
11482,1.1257
11483,0.4558
11484,0.5137
11485,0.1433
11486,0.354
11487,0.4044
11488,0.5517
11489,0.2322
11490,0.5187
11491,0.6816
11492,0.6071
11493,0.3105
11494,0.7113
11495,0.6733
11496,0.2732
11497,0.3922
11498,0.7522
11499,0.1816
11500,0.2244
11501,0.3582
11502,0.4732
11503,0.1465
11504,0.6192
11505,0.5486
11506,0.5742
11507,1.0391
11508,0.5432
11509,0.711
11510,0.3823
11511,0.5573
11512,0.5528
11513,0.7631
11514,0.1625
11515,0.3058
11516,0.4936
11517,0.644
11518,0.3235
11519,0.2125
11520,0.4934
11521,0.0974
11522,0.6393
11523,0.3305
11524,0.7333
11525,0.6994
11526,0.6355
11527,0.6639
11528,0.2554
11529,0.3488
11530,0.7467
11531,0.5177
11532,0.1833
11533,0.5305
11534,0.7381
11535,0.3412
11536,1.052
11537,0.2469
11538,0.4357
11539,0.4485
11540,0.7147
11541,0.5175
11542,0.1469
11543,0.3475
11544,0.7731
11545,0.4503
11546,0.2353
11547,0.6323
11548,0.6829
11549,0.454
11550,0.6559
11551,0.6171
11552,0.2742
11553,0.8624
11554,0.4531
11555,0.5519
11556,0.9409
11557,0.6377
11558,0.3719
11559,0.9785
11560,0.4519
11561,0.259
11562,0.4603
11563,0.2605
11564,0.2663
11565,0.4318
11566,0.3222
11567,1.1676
11568,1.2196
11569,0.4925
11570,0.5195
11571,0.2918
11572,0.2022
11573,0.1786
11574,0.7984
11575,0.4192
11576,0.2741
11577,0.4741
11578,0.2702
11579,0.2273
11580,0.5121
11581,1.0244
11582,0.736
11583,0.6842
11584,0.341
11585,0.1712
11586,0.7104
11587,0.4568
11588,0.4227
11589,0.4353
11590,0.2579
11591,1.0115
11592,0.2459
11593,0.6316
11594,0.5399
11595,0.3086
11596,0.4616
11597,0.693
11598,0.2795
11599,0.0875
11600,0.6032
11601,0.3454
11602,0.3741
11603,0.1827
11604,0.5392
11605,0.3713
11606,0.1299
11607,0.6142
11608,0.472
11609,0.5186
11610,0.1849
11611,0.5247
11612,0.3633
11613,0.7297
11614,0.3214
11615,0.1079
11616,0.3979
11617,0.4422
11618,0.5573
11619,0.6255
11620,0.4446
11621,0.2461
11622,0.8712
11623,0.6307
11624,0.5151
11625,0.3286
11626,0.3465
11627,0.2795
11628,0.4942
11629,0.4785
11630,0.6959
11631,0.2712
11632,0.2559
11633,0.6209
11634,0.6474
11635,0.333
11636,0.6779
11637,0.587
11638,0.646
11639,0.4759
11640,0.5703
11641,0.2493
11642,0.4723
11643,0.4107
11644,0.8942
11645,0.5085
11646,0.5184
11647,0.598
11648,0.2199
11649,0.4882
11650,0.6432
11651,0.5057
11652,0.3561
11653,0.5144
11654,0.2749
11655,0.2811
11656,0.82
11657,0.1122
11658,0.2527
11659,0.487
11660,0.7901
11661,0.8106
11662,0.1759
11663,0.1591
11664,0.353
11665,0.2673
11666,0.2959
11667,0.388
11668,0.3951
11669,0.3925
11670,0.5804
11671,0.7473
11672,0.5437
11673,0.5276
11674,0.14
11675,0.1898
11676,0.2915
11677,0.7327
11678,0.3737
11679,0.5754
11680,0.3414
11681,0.2931
11682,0.2366
11683,0.9566
11684,0.3665
11685,0.2237
11686,0.1179
11687,0.316
11688,0.4753
11689,0.6148
11690,0.2345
11691,0.3314
11692,0.3291
11693,0.1443
11694,0.2391
11695,0.371
11696,0.699
11697,0.4796
11698,0.2433
11699,0.5824
11700,0.4497
11701,0.6037
11702,0.7316
11703,0.8185
11704,0.5855
11705,0.5738
11706,0.1811
11707,0.7833
11708,0.4954
11709,0.5396
11710,0.563
11711,0.2262
11712,0.3142
11713,0.4822
11714,0.6235
11715,0.3415
11716,0.3069
11717,0.8249
11718,0.1886
11719,0.263
11720,0.4818
11721,0.2678
11722,1.258
11723,0.2187
11724,0.5613
11725,0.8813
11726,0.483
11727,0.737
11728,0.2399
11729,0.2389
11730,0.8651
11731,0.6417
11732,0.1561
11733,0.3297
11734,0.9942
11735,0.226
11736,0.3374
11737,0.1972
11738,0.479
11739,0.4017
11740,0.5719
11741,0.296
11742,0.358
11743,0.6465
11744,0.3444
11745,0.3184
11746,0.2575
11747,0.4899
11748,0.5232
11749,0.2138
11750,0.3612
11751,0.3162
11752,0.378
11753,0.5788
11754,0.7143
11755,0.1417
11756,0.6665
11757,0.2549
11758,0.4967
11759,0.3971
11760,0.4893
11761,0.4793
11762,0.8776
11763,0.6555
11764,0.6417
11765,0.174
11766,0.1869
11767,0.5589
11768,0.3762
11769,0.4272
11770,0.8461
11771,0.3344
11772,0.7998
11773,0.6166
11774,0.4621
11775,0.8309
11776,0.5864
11777,0.6312
11778,0.2349
11779,0.7919
11780,0.7493
11781,0.6523
11782,0.5916
11783,0.8849
11784,0.622
11785,0.6658
11786,0.5086
11787,0.1867
11788,0.5502
11789,0.3176
11790,1.1447
11791,0.1882
11792,0.1335
11793,0.6167
11794,0.3317
11795,0.2095
11796,0.4817
11797,0.7434
11798,1.0169
11799,1.1151
11800,0.5075
11801,0.3044
11802,0.7297
11803,0.7037
11804,0.8388
11805,0.6302
11806,1.1366
11807,0.3832
11808,0.4914
11809,0.1965
11810,0.5349
11811,0.2572
11812,0.7673
11813,0.9038
11814,0.7727
11815,0.3452
11816,0.671
11817,0.2023
11818,0.6879
11819,0.2032
11820,0.5603
11821,0.4577
11822,0.3969
11823,0.1419
11824,0.1723
11825,0.6063
11826,0.2004
11827,0.5311
11828,0.21
11829,0.6254
11830,0.4215
11831,0.777
11832,0.5891
11833,0.3733
11834,0.4386
11835,0.2336
11836,0.703
11837,0.6015
11838,0.2633
11839,0.5939
11840,0.6933
11841,0.6141
11842,0.3175
11843,0.6097
11844,0.8686
11845,0.2497
11846,0.5719
11847,0.3657
11848,0.6322
11849,0.5702
11850,0.5374
11851,0.5772
11852,0.6057
11853,0.3397
11854,0.8686
11855,0.6354
11856,0.5919
11857,0.1687
11858,0.1323
11859,0.4807
11860,0.5888
11861,1.0351
11862,0.403
11863,0.4775
11864,0.5335
11865,0.859
11866,0.5103
11867,0.1923
11868,0.4525
11869,1.4613
11870,0.8975
11871,0.5817
11872,0.7004
11873,0.4273
11874,0.453
11875,0.1233
11876,1.1669
11877,0.5122
11878,0.5429
11879,0.7347
11880,1.0319
11881,0.672
11882,0.3835
11883,0.3117
11884,0.7396
11885,0.3184
11886,0.6335
11887,0.7973
11888,0.2555
11889,0.2141
11890,0.1244
11891,0.6209
11892,0.583
11893,0.5747
11894,0.3519
11895,0.367
11896,0.3727
11897,0.2534
11898,0.5736
11899,0.7071
11900,0.801
11901,0.5348
11902,0.1257
11903,0.2744
11904,0.4524
11905,0.4423
11906,0.991
11907,0.4129
11908,0.6799
11909,0.1944
11910,0.8009
11911,0.2029
11912,0.3817
11913,0.221
11914,0.3373
11915,0.5594
11916,0.4746
11917,0.2924
11918,0.6001
11919,0.273
11920,0.8498
11921,0.2289
11922,0.8586
11923,0.181
11924,0.3742
11925,0.4389
11926,0.4934
11927,0.1652
11928,0.2597
11929,0.3184
11930,0.611
11931,0.5995
11932,0.1991
11933,0.2806
11934,0.968
11935,0.4526
11936,0.7306
11937,0.2193
11938,0.2658
11939,1.3262
11940,0.626
11941,0.1908
11942,0.96
11943,0.7927
11944,0.4914
11945,0.5477
11946,0.1643
11947,0.3049
11948,0.2709
11949,0.3476
11950,0.2478
11951,0.5165
11952,0.5524
11953,0.4908
11954,0.7916
11955,0.5748
11956,0.4882
11957,1.1793
11958,0.3111
11959,0.5109
11960,0.295
11961,0.4664
11962,0.2965
11963,0.754
11964,0.4132
11965,0.4754
11966,0.602
11967,0.5758
11968,0.3151
11969,0.3169
11970,0.2875
11971,1.321
11972,0.7701
11973,0.9205
11974,0.5824
11975,1.1869
11976,0.2106
11977,0.5627
11978,0.4467
11979,0.2517
11980,0.157
11981,0.5683
11982,0.4348
11983,0.2443
11984,0.2443
11985,0.2899
11986,0.6648
11987,0.5336
11988,0.7124
11989,0.5754
11990,0.3445
11991,0.5278
11992,0.2324
11993,0.2109
11994,0.2983
11995,0.2806
11996,0.5103
11997,0.6702
11998,0.6009
11999,0.3933
12000,0.4058
12001,0.918
12002,0.6579
12003,0.409
12004,0.3118
12005,0.4248
12006,0.2756
12007,1.5195
12008,0.4764
12009,1.1408
12010,0.6725
12011,0.2579
12012,0.5396
12013,0.2681
12014,0.6923
12015,0.3452
12016,0.7094
12017,0.2288
12018,0.6241
12019,0.259
12020,0.1998
12021,0.7653
12022,0.1827
12023,0.5586
12024,0.8153
12025,0.4512
12026,0.6625
12027,0.7765
12028,1.2964
12029,0.3086
12030,0.1718
12031,0.6808
12032,0.694
12033,0.1259
12034,0.9031
12035,0.5275
12036,0.6786
12037,0.4538
12038,0.9073
12039,0.2697
12040,0.1727
12041,0.3209
12042,0.1583
12043,0.556
12044,0.5015
12045,0.4735
12046,0.4557
12047,0.8582
12048,0.8361
12049,1.0244
12050,0.5489
12051,0.1644
12052,0.3512
12053,0.6384
12054,0.4202
12055,0.2354
12056,0.8564
12057,0.3543
12058,0.6079
12059,0.6254
12060,0.1486
12061,0.3266
12062,0.8708
12063,0.5838
12064,0.5661
12065,0.1322
12066,0.6
12067,0.6797
12068,0.3343
12069,0.2562
12070,0.6064
12071,0.5771
12072,0.4559
12073,0.1265
12074,0.4619
12075,0.6882
12076,0.7972
12077,0.584
12078,0.3185
12079,0.5002
12080,0.6171
12081,0.5776
12082,0.2211
12083,0.5004
12084,0.5403
12085,0.4303
12086,0.2426
12087,0.6754
12088,0.7759
12089,0.3051
12090,0.4002
12091,1.1727
12092,0.7357
12093,0.7425
12094,0.6702
12095,0.7254
12096,0.4693
12097,0.4771
12098,0.5507
12099,0.878
12100,0.2578
12101,0.9463
12102,0.2307
12103,0.4095
12104,0.2442
12105,0.6659
12106,0.2774
12107,0.4737
12108,0.4228
12109,0.2094
12110,1.0625
12111,0.3026
12112,0.3973
12113,0.3655
12114,0.7989
12115,0.7689
12116,0.4469
12117,0.6204
12118,0.5635
12119,0.7887
12120,0.2395
12121,0.4769
12122,0.5633
12123,0.416
12124,0.2951
12125,0.22
12126,0.3043
12127,0.7604
12128,0.5938
12129,0.5905
12130,0.3975
12131,0.3025
12132,1.0141
12133,0.3009
12134,0.5159
12135,0.6335
12136,0.1477
12137,0.6089
12138,0.2763
12139,0.391
12140,0.4773
12141,0.3424
12142,0.4707
12143,0.9705
12144,0.253
12145,0.4836
12146,0.624
12147,0.4635
12148,0.5134
12149,0.5566
12150,0.8549
12151,0.2218
12152,0.713
12153,0.2376
12154,0.1869
12155,0.2929
12156,0.7145
12157,0.599
12158,0.7384
12159,0.6238
12160,0.8928
12161,0.4552
12162,0.6439
12163,0.5805
12164,0.3533
12165,0.19
12166,0.2267
12167,0.9489
12168,0.4511
12169,0.4422
12170,0.4153
12171,0.2457
12172,0.6892
12173,0.5885
12174,0.7099
12175,0.7072
12176,0.568
12177,0.5018
12178,0.5498
12179,0.7134
12180,0.3235
12181,1.0808
12182,0.3456
12183,0.4804
12184,0.4169
12185,0.5292
12186,0.8087
12187,0.1824
12188,0.2107
12189,1.0054
12190,0.4383
12191,0.5899
12192,0.0825
12193,0.429
12194,0.6781
12195,0.6708
12196,0.4053
12197,0.4763
12198,0.5155
12199,0.6428
12200,0.409
12201,0.7045
12202,0.2677
12203,0.5671
12204,0.9046
12205,0.958
12206,0.367
12207,0.6016
12208,1.0628
12209,0.7524
12210,0.3953
12211,0.8088
12212,0.4494
12213,0.7654
12214,0.646
12215,0.1777
12216,0.3284
12217,0.7979
12218,0.2781
12219,0.1457
12220,0.3953
12221,0.3246
12222,0.6859
12223,0.4866
12224,0.3552
12225,0.454
12226,0.1919
12227,0.7215
12228,0.5778
12229,1.0769
12230,0.2147
12231,0.3456
12232,0.1751
12233,0.3213
12234,0.5045
12235,0.9224
12236,0.16
12237,0.9432
12238,0.8793
12239,0.8088
12240,0.2386
12241,0.235
12242,0.6396
12243,0.3282
12244,0.2401
12245,0.1917
12246,0.8198
12247,0.2981
12248,0.3724
12249,0.9434
12250,0.151
12251,0.4787
12252,0.5344
12253,0.6238
12254,0.363
12255,0.7052
12256,0.7684
12257,0.1591
12258,0.2975
12259,0.6962
12260,0.6008
12261,0.7528
12262,0.4481
12263,0.2313
12264,0.7026
12265,0.8044
12266,0.2574
12267,0.6185
12268,0.1229
12269,0.5373
12270,0.3804
12271,0.9221
12272,0.5898
12273,0.4604
12274,0.2945
12275,0.2968
12276,0.1766
12277,0.4016
12278,0.2929
12279,0.1731
12280,0.3144
12281,0.4804
12282,0.7792
12283,0.9537
12284,0.8175
12285,0.3241
12286,0.4044
12287,0.9773
12288,0.3387
12289,0.658
12290,0.6598
12291,0.2501
12292,0.9135
12293,0.7106
12294,0.7412
12295,0.5254
12296,0.3911
12297,0.6865
12298,0.495
12299,0.6901
12300,0.395
12301,0.2067
12302,0.2384
12303,0.6346
12304,0.5014
12305,0.8516
12306,0.5261
12307,0.8419
12308,0.461
12309,0.5554
12310,0.7492
12311,0.25
12312,0.2571
12313,0.2222
12314,0.6221
12315,0.3927
12316,0.2453
12317,0.4225
12318,0.6783
12319,0.3645
12320,0.2057
12321,0.2495
12322,0.4177
12323,0.4908
12324,0.2859
12325,0.9121
12326,0.4459
12327,0.1855
12328,0.2585
12329,0.6115
12330,0.6623
12331,0.6193
12332,0.1978
12333,0.3078
12334,0.7057
12335,0.6628
12336,0.3084
12337,0.2003
12338,0.5219
12339,0.911
12340,1.0198
12341,0.5943
12342,0.1839
12343,0.851
12344,0.9774
12345,0.4817
12346,0.532
12347,0.6675
12348,0.4825
12349,0.3932
12350,0.5081
12351,0.8353
12352,0.2669
12353,0.3344
12354,0.4971
12355,0.1373
12356,0.5869
12357,0.8933
12358,0.4561
12359,0.2207
12360,0.6435
12361,0.3647
12362,0.8643
12363,0.6112
12364,0.5942
12365,0.537
12366,0.4332
12367,0.3209
12368,0.7643
12369,0.813
12370,0.4572
12371,0.5748
12372,0.2893
12373,0.7636
12374,0.1883
12375,0.7671
12376,0.8316
12377,0.1944
12378,0.3979
12379,0.5715
12380,0.1692
12381,0.5215
12382,0.7079
12383,0.3309
12384,0.2616
12385,0.8218
12386,0.6539
12387,0.3608
12388,0.2185
12389,1.1792
12390,0.4302
12391,0.3396
12392,1.1601
12393,0.8658
12394,0.4179
12395,0.9979
12396,0.2998
12397,0.689
12398,0.255
12399,0.2894
12400,0.4985
12401,0.4967
12402,0.1187
12403,0.7511
12404,0.3371
12405,0.4615
12406,0.5785
12407,0.4956
12408,0.2654
12409,0.1853
12410,0.4024
12411,0.5359
12412,0.164
12413,0.4874
12414,0.4696
12415,0.7208
12416,0.2361
12417,0.5393
12418,0.4933
12419,0.4362
12420,0.3239
12421,0.994
12422,0.5486
12423,0.5154
12424,0.5411
12425,0.2431
12426,0.1533
12427,0.671
12428,0.2256
12429,0.4302
12430,0.7265
12431,0.4727
12432,0.9211
12433,1.0053
12434,0.5408
12435,0.5901
12436,0.2365
12437,0.2036
12438,0.3673
12439,0.3649
12440,0.3761
12441,0.5487
12442,0.443
12443,0.3795
12444,0.7507
12445,0.7798
12446,0.5439
12447,0.5798
12448,0.4757
12449,0.8362
12450,0.2647
12451,0.4965
12452,0.9368
12453,0.8653
12454,0.5105
12455,0.8036
12456,0.5774
12457,0.5748
12458,0.5162
12459,0.5875
12460,1.1387
12461,0.8654
12462,0.5659
12463,0.1755
12464,0.208
12465,0.489
12466,0.31
12467,0.5017
12468,0.528
12469,0.72
12470,0.8313
12471,0.7086
12472,0.6466
12473,1.0628
12474,0.9082
12475,1.197
12476,0.5913
12477,0.5251
12478,0.627
12479,0.983
12480,0.5845
12481,0.2646
12482,0.8609
12483,0.1343
12484,0.475
12485,0.2817
12486,0.5122
12487,0.3582
12488,0.162
12489,0.6353
12490,0.6576
12491,0.6824
12492,0.6932
12493,0.1354
12494,0.9155
12495,0.2564
12496,0.6204
12497,0.5294
12498,0.7472
12499,1.0188
12500,0.9136
12501,0.6462
12502,0.832
12503,0.376
12504,0.3595
12505,0.6417
12506,0.5054
12507,0.5856
12508,0.3825
12509,0.1075
12510,0.2954
12511,0.3543
12512,0.4114
12513,0.2281
12514,0.2144
12515,0.8363
12516,0.5807
12517,0.3198
12518,0.3775
12519,0.143
12520,0.502
12521,0.1757
12522,0.3592
12523,0.8152
12524,0.3652
12525,0.6427
12526,0.2107
12527,0.739
12528,0.1841
12529,0.4687
12530,0.621
12531,0.4785
12532,0.6563
12533,1.236
12534,0.4046
12535,0.3203
12536,1.1174
12537,0.2821
12538,0.2655
12539,0.3517
12540,1.0943
12541,0.1573
12542,0.2562
12543,0.2769
12544,0.5909
12545,0.5805
12546,0.2831
12547,0.2705
12548,0.5337
12549,0.4443
12550,0.3636
12551,0.4161
12552,0.3178
12553,0.5211
12554,0.4421
12555,0.8792
12556,0.9196
12557,0.5766
12558,0.5832
12559,0.7317
12560,0.2595
12561,0.6331
12562,0.4242
12563,0.468
12564,0.5755
12565,0.4088
12566,0.2558
12567,0.6198
12568,0.6051
12569,0.4047
12570,0.4946
12571,0.412
12572,0.6961
12573,0.5844
12574,0.4456
12575,0.503
12576,0.2309
12577,0.5507
12578,0.2343
12579,0.2773
12580,0.4082
12581,0.4484
12582,0.3863
12583,0.3939
12584,0.1613
12585,0.9262
12586,0.9904
12587,0.1948
12588,0.2412
12589,0.2442
12590,0.523
12591,0.3455
12592,0.6334
12593,0.4331
12594,0.5222
12595,0.8227
12596,0.1293
12597,0.4481
12598,0.5524
12599,1.0865
12600,0.8536
12601,0.9623
12602,0.5278
12603,0.6588
12604,0.231
12605,0.9163
12606,0.2342
12607,0.3002
12608,0.325
12609,0.312
12610,0.3104
12611,0.6365
12612,0.2762
12613,0.4417
12614,0.743
12615,0.3399
12616,0.3096
12617,0.177
12618,0.5509
12619,0.298
12620,0.5234
12621,0.3751
12622,0.8086
12623,0.5981
12624,0.4435
12625,0.1428
12626,0.5743
12627,0.3654
12628,0.2121
12629,0.5903
12630,0.5122
12631,0.4701
12632,0.5813
12633,0.2785
12634,0.1935
12635,0.3798
12636,0.2072
12637,0.5897
12638,0.4651
12639,0.5254
12640,0.414
12641,0.4113
12642,0.2235
12643,0.6556
12644,0.8764
12645,0.6918
12646,0.6518
12647,0.5802
12648,0.5491
12649,0.4891
12650,0.5042
12651,0.6241
12652,0.7537
12653,0.4673
12654,0.1654
12655,0.6448
12656,0.2245
12657,0.5069
12658,0.3361
12659,0.2613
12660,0.2718
12661,1.0026
12662,0.1524
12663,0.5083
12664,0.7332
12665,0.6585
12666,0.5326
12667,0.7328
12668,0.7087
12669,0.5062
12670,0.1741
12671,0.4406
12672,0.3488
12673,0.4042
12674,0.4567
12675,0.4425
12676,0.5237
12677,0.6145
12678,0.2534
12679,0.8575
12680,0.7617
12681,0.3077
12682,0.5819
12683,0.731
12684,0.5582
12685,0.344
12686,0.1721
12687,0.2295
12688,0.2725
12689,0.2138
12690,0.5454
12691,0.6281
12692,0.184
12693,0.2479
12694,0.8757
12695,0.5586
12696,0.5454
12697,0.9465
12698,0.3134
12699,0.3845
12700,0.1619
12701,1.0885
12702,0.1425
12703,0.1868
12704,0.4941
12705,0.2978
12706,0.7198
12707,0.7561
12708,0.5023
12709,0.136
12710,0.3211
12711,0.1686
12712,0.5959
12713,0.1607
12714,0.6624
12715,0.3886
12716,0.6427
12717,0.4821
12718,0.4184
12719,0.1788
12720,0.471
12721,0.242
12722,0.4662
12723,0.1367
12724,0.5233
12725,0.1608
12726,0.5335
12727,0.4612
12728,0.495
12729,0.5319
12730,1.0061
12731,0.6646
12732,0.6734
12733,0.1016
12734,0.2727
12735,0.6475
12736,0.7276
12737,0.2057
12738,0.7915
12739,0.4011
12740,0.7657
12741,0.6457
12742,0.3671
12743,0.7163
12744,0.6485
12745,0.3163
12746,0.6618
12747,0.5113
12748,1.0867
12749,0.4201
12750,0.282
12751,0.3323
12752,0.5291
12753,0.7203
12754,0.58
12755,0.1835
12756,0.1196
12757,0.9315
12758,0.5429
12759,0.291
12760,0.142
12761,0.7293
12762,0.6128
12763,0.7834
12764,0.55
12765,0.5841
12766,0.3975
12767,0.2913
12768,0.6569
12769,0.3426
12770,0.4491
12771,0.4188
12772,0.5071
12773,0.2664
12774,0.1945
12775,0.6915
12776,0.6079
12777,0.3287
12778,0.2118
12779,0.9389
12780,0.5153
12781,0.7556
12782,1.0172
12783,0.2947
12784,0.1171
12785,0.1777
12786,0.6512
12787,0.3658
12788,0.9496
12789,0.37
12790,0.7195
12791,0.9686
12792,0.4611
12793,0.4512
12794,0.5261
12795,0.3279
12796,0.5595
12797,0.2531
12798,0.2538
12799,0.5434
12800,0.9087
12801,0.8482
12802,0.2074
12803,0.1808
12804,0.7409
12805,0.4273
12806,0.5275
12807,0.4404
12808,0.6805
12809,0.1753
12810,0.8985
12811,0.7394
12812,0.4767
12813,0.3723
12814,0.2171
12815,0.1714
12816,0.2661
12817,0.2492
12818,0.2826
12819,0.2191
12820,0.4535
12821,0.714
12822,0.2344
12823,0.5533
12824,0.3877
12825,0.7547
12826,1.4159
12827,0.4073
12828,0.1871
12829,0.7643
12830,0.2542
12831,0.379
12832,0.5467
12833,0.4221
12834,0.3046
12835,0.4168
12836,0.7592
12837,0.5513
12838,0.3649
12839,0.6691
12840,0.7806
12841,0.3711
12842,1.0534
12843,0.8484
12844,0.9539
12845,0.1936
12846,1.0588
12847,0.9613
12848,0.8722
12849,0.5643
12850,0.4378
12851,0.3033
12852,0.7948
12853,0.6755
12854,0.5837
12855,0.2418
12856,0.9589
12857,0.385
12858,0.1887
12859,0.9566
12860,0.5128
12861,1.1682
12862,1.231
12863,0.6054
12864,0.9064
12865,0.1795
12866,0.1735
12867,0.2107
12868,0.6701
12869,0.7929
12870,0.2599
12871,0.5539
12872,0.5041
12873,0.2515
12874,0.3964
12875,0.4475
12876,0.6598
12877,1.0744
12878,0.2908
12879,0.9387
12880,0.6482
12881,0.1745
12882,0.5152
12883,0.5432
12884,0.3944
12885,0.3287
12886,0.9605
12887,0.9866
12888,0.2331
12889,0.4697
12890,0.1802
12891,0.2572
12892,0.7339
12893,0.2167
12894,0.4924
12895,0.6246
12896,0.6339
12897,0.2445
12898,0.5907
12899,0.7397
12900,0.5737
12901,0.315
12902,0.3506
12903,0.5781
12904,1.2226
12905,0.4833
12906,0.3727
12907,0.9797
12908,0.3541
12909,0.1889
12910,0.1271
12911,0.1152
12912,0.4617
12913,0.1972
12914,0.6934
12915,0.5943
12916,0.7816
12917,0.6116
12918,0.3327
12919,0.6934
12920,0.7838
12921,0.7324
12922,0.1427
12923,0.2434
12924,0.6834
12925,0.2898
12926,0.306
12927,0.5072
12928,0.1477
12929,0.7402
12930,0.3809
12931,0.7389
12932,0.3209
12933,0.5761
12934,0.2285
12935,0.5376
12936,0.3959
12937,0.4743
12938,0.2934
12939,0.7806
12940,0.276
12941,0.3849
12942,0.7643
12943,0.2177
12944,0.1298
12945,0.5
12946,0.878
12947,0.3902
12948,0.5519
12949,0.2721
12950,0.1641
12951,0.7445
12952,0.8009
12953,0.3554
12954,0.1498
12955,0.6441
12956,0.2113
12957,0.7515
12958,0.3182
12959,0.5156
12960,0.6111
12961,0.5682
12962,1.0514
12963,0.356
12964,0.3635
12965,1.0185
12966,0.4044
12967,0.3187
12968,0.8638
12969,0.5145
12970,0.7104
12971,0.4525
12972,0.1405
12973,0.6583
12974,0.5849
12975,0.983
12976,0.5464
12977,0.4933
12978,0.4771
12979,0.2125
12980,0.4275
12981,0.8608
12982,0.5872
12983,0.805
12984,0.5701
12985,0.2907
12986,0.773
12987,1.3463
12988,0.6977
12989,0.4744
12990,0.6673
12991,0.4962
12992,0.4638
12993,0.2444
12994,0.4952
12995,0.4933
12996,0.3564
12997,0.3241
12998,0.394
12999,0.2861
13000,0.6956
13001,0.695
13002,0.5137
13003,0.1892
13004,0.7202
13005,0.2097
13006,0.1092
13007,0.3893
13008,0.8349
13009,0.2153
13010,0.4599
13011,0.7899
13012,0.616
13013,0.1619
13014,0.3026
13015,0.9891
13016,0.8644
13017,0.1573
13018,0.5831
13019,0.1239
13020,0.5695
13021,0.5308
13022,0.9469
13023,0.4344
13024,0.3244
13025,0.2317
13026,0.2129
13027,0.503
13028,0.4997
13029,0.396
13030,0.6524
13031,0.4085
13032,0.5213
13033,0.4049
13034,0.6868
13035,0.4127
13036,0.1408
13037,1.1435
13038,0.4512
13039,0.3441
13040,0.2073
13041,0.7186
13042,0.1613
13043,0.4178
13044,0.4925
13045,0.9971
13046,0.5756
13047,0.202
13048,0.3008
13049,0.7276
13050,0.4175
13051,0.218
13052,0.958
13053,0.3235
13054,1.0089
13055,0.241
13056,0.7293
13057,0.1592
13058,0.6031
13059,1.0342
13060,0.3821
13061,0.3293
13062,0.1561
13063,0.6394
13064,0.5321
13065,0.5021
13066,0.255
13067,0.5013
13068,0.6989
13069,0.5908
13070,0.6885
13071,0.7104
13072,0.5661
13073,0.8868
13074,0.7591
13075,0.7228
13076,0.1496
13077,0.2411
13078,0.6449
13079,0.7042
13080,0.6457
13081,0.5466
13082,0.7227
13083,0.4376
13084,0.3056
13085,0.774
13086,0.6844
13087,0.5375
13088,0.5604
13089,0.8748
13090,0.5553
13091,0.2474
13092,0.4491
13093,0.6904
13094,0.295
13095,0.8981
13096,0.5036
13097,0.9077
13098,1.2954
13099,0.1185
13100,0.3587
13101,0.5342
13102,0.4762
13103,0.3413
13104,0.3891
13105,0.3619
13106,0.2428
13107,0.8866
13108,0.2868
13109,0.211
13110,0.331
13111,0.246
13112,0.7286
13113,0.4079
13114,0.3234
13115,0.2018
13116,0.3593
13117,0.423
13118,0.2342
13119,0.408
13120,0.198
13121,0.246
13122,0.4404
13123,0.6631
13124,0.2829
13125,0.4503
13126,0.8339
13127,0.6683
13128,0.1748
13129,0.4703
13130,0.1869
13131,0.2862
13132,0.2393
13133,0.3472
13134,0.0813
13135,0.4775
13136,0.6721
13137,0.5088
13138,0.1783
13139,0.7798
13140,0.4574
13141,0.4197
13142,0.4217
13143,0.9123
13144,0.1764
13145,0.4348
13146,0.4248
13147,0.1865
13148,0.7878
13149,0.8124
13150,0.7293
13151,0.6358
13152,0.9715
13153,0.2584
13154,0.1389
13155,0.7972
13156,0.6333
13157,1.0137
13158,0.2839
13159,0.7814
13160,0.5101
13161,0.6745
13162,0.6124
13163,0.2467
13164,0.5363
13165,0.1911
13166,0.3479
13167,0.5724
13168,0.8538
13169,0.8224
13170,0.4119
13171,0.7326
13172,0.3878
13173,0.3221
13174,0.3581
13175,0.2275
13176,0.7277
13177,0.2009
13178,0.5443
13179,0.495
13180,0.4418
13181,0.2269
13182,0.3015
13183,0.1823
13184,0.3212
13185,0.2511
13186,0.2785
13187,0.2132
13188,0.4056
13189,0.2992
13190,0.3975
13191,1.2459
13192,0.295
13193,0.3914
13194,0.2217
13195,0.4274
13196,0.3394
13197,1.037
13198,0.3846
13199,0.5677
13200,0.5851
13201,0.5068
13202,0.608
13203,0.3048
13204,0.5749
13205,0.5154
13206,0.5207
13207,0.6371
13208,0.9308
13209,0.2098
13210,1.1949
13211,0.7408
13212,0.1927
13213,0.5531
13214,0.3217
13215,0.3057
13216,0.6275
13217,0.6102
13218,1.0016
13219,0.8787
13220,0.7946
13221,0.542
13222,0.632
13223,0.9735
13224,0.8234
13225,0.5845
13226,0.9754
13227,0.4272
13228,0.2063
13229,0.6363
13230,0.6358
13231,0.4024
13232,0.8051
13233,0.8241
13234,0.8229
13235,0.4392
13236,0.9822
13237,0.1246
13238,0.4967
13239,0.7401
13240,0.4012
13241,1.0984
13242,0.2911
13243,0.6177
13244,0.63
13245,0.6663
13246,0.7255
13247,1.1546
13248,0.3678
13249,0.5796
13250,0.5474
13251,0.4266
13252,0.4991
13253,0.4279
13254,0.4548
13255,0.5999
13256,0.4203
13257,0.2876
13258,0.8494
13259,0.6495
13260,0.3382
13261,0.4989
13262,0.2972
13263,0.2995
13264,0.9071
13265,0.4507
13266,0.2506
13267,0.4748
13268,0.9028
13269,0.2584
13270,0.1649
13271,0.3325
13272,0.1463
13273,0.3929
13274,0.0933
13275,0.4601
13276,0.3972
13277,0.157
13278,0.4912
13279,0.4671
13280,1.1032
13281,0.6437
13282,0.4301
13283,0.3713
13284,0.3833
13285,0.5619
13286,0.3035
13287,0.8034
13288,0.6178
13289,0.2546
13290,0.2678
13291,0.2797
13292,0.875
13293,0.1082
13294,0.8175
13295,0.4397
13296,0.134
13297,0.624
13298,0.6646
13299,0.6899
13300,0.3544
13301,0.1979
13302,0.3075
13303,0.5005
13304,0.7828
13305,0.8929
13306,0.838
13307,0.3411
13308,0.8619
13309,0.4868
13310,0.1116
13311,0.7276
13312,0.772
13313,1.3719
13314,0.9634
13315,0.583
13316,0.3633
13317,0.5192
13318,0.4678
13319,0.6741
13320,0.1546
13321,0.6114
13322,0.2714
13323,0.1594
13324,0.6472
13325,0.1648
13326,0.1543
13327,0.8224
13328,0.5743
13329,0.2323
13330,0.2495
13331,0.2788
13332,1.1353
13333,0.3022
13334,0.4901
13335,0.2909
13336,0.4321
13337,0.4516
13338,0.4468
13339,0.7468
13340,0.1468
13341,0.5311
13342,0.3259
13343,0.1679
13344,0.7237
13345,0.4114
13346,0.3944
13347,0.4417
13348,0.7955
13349,0.6901
13350,0.462
13351,0.3338
13352,0.3898
13353,0.3485
13354,0.9433
13355,0.6272
13356,0.5232
13357,0.3676
13358,0.4258
13359,0.69
13360,0.351
13361,0.5533
13362,0.8069
13363,0.6106
13364,0.9148
13365,0.5948
13366,0.4258
13367,0.6452
13368,0.1639
13369,0.3109
13370,0.7278
13371,0.375
13372,0.861
13373,0.7585
13374,0.6493
13375,0.3248
13376,0.3172
13377,0.4863
13378,0.3329
13379,0.2071
13380,0.2221
13381,0.4031
13382,0.8852
13383,0.568
13384,0.3248
13385,0.0814
13386,0.5233
13387,0.407
13388,0.2818
13389,0.535
13390,0.5433
13391,0.6249
13392,0.2774
13393,0.596
13394,0.5837
13395,0.6379
13396,0.3693
13397,0.607
13398,0.4224
13399,0.473
13400,0.5588
13401,0.3236
13402,0.4987
13403,0.5169
13404,0.2495
13405,0.7203
13406,0.3026
13407,1.0395
13408,0.3708
13409,0.4036
13410,0.4835
13411,0.3359
13412,0.8656
13413,0.542
13414,0.2466
13415,0.7157
13416,0.3755
13417,0.6291
13418,0.3251
13419,0.4295
13420,0.549
13421,0.2519
13422,0.2018
13423,0.4446
13424,0.3118
13425,0.253
13426,0.351
13427,0.8628
13428,0.7989
13429,0.4041
13430,0.481
13431,0.6582
13432,0.4261
13433,0.1591
13434,0.4494
13435,0.7928
13436,0.4514
13437,0.3025
13438,0.3624
13439,0.143
13440,0.1699
13441,0.1679
13442,0.2546
13443,0.7964
13444,0.6055
13445,0.3477
13446,0.7694
13447,0.4117
13448,0.2458
13449,0.403
13450,0.7025
13451,0.6067
13452,0.3064
13453,1.0349
13454,0.3549
13455,0.624
13456,0.3601
13457,0.5177
13458,0.6702
13459,0.4868
13460,0.4404
13461,0.3041
13462,0.2378
13463,0.2656
13464,0.3315
13465,0.1765
13466,0.3223
13467,0.4897
13468,1.0214
13469,0.3285
13470,0.5752
13471,0.7108
13472,0.3683
13473,0.7504
13474,0.6535
13475,0.5505
13476,0.5041
13477,1.2858
13478,0.6738
13479,0.2583
13480,0.5521
13481,0.7209
13482,0.4619
13483,0.3247
13484,0.224
13485,0.6178
13486,0.1668
13487,0.4509
13488,0.3334
13489,0.5185
13490,0.9335
13491,0.5332
13492,0.4908
13493,0.3762
13494,0.4093
13495,0.5495
13496,0.3332
13497,0.4247
13498,0.264
13499,0.8031
13500,0.1482
13501,0.3084
13502,0.7339
13503,0.2927
13504,0.9385
13505,0.4024
13506,0.7484
13507,0.8246
13508,0.5105
13509,0.8342
13510,0.3464
13511,1.0237
13512,0.1746
13513,0.5641
13514,0.29
13515,0.2458
13516,0.5853
13517,0.1356
13518,0.7611
13519,0.6875
13520,0.3354
13521,0.4381
13522,0.3074
13523,0.7954
13524,0.5237
13525,0.5341
13526,0.2686
13527,0.3349
13528,0.4568
13529,0.6206
13530,0.198
13531,0.255
13532,0.5645
13533,0.5739
13534,0.7049
13535,0.2797
13536,0.3863
13537,0.4985
13538,0.6848
13539,0.3464
13540,0.7346
13541,0.9164
13542,0.9243
13543,0.3025
13544,0.3493
13545,0.3321
13546,0.9231
13547,0.2571
13548,0.695
13549,0.4559
13550,0.4164
13551,0.7508
13552,0.3125
13553,0.729
13554,1.0843
13555,0.4034
13556,0.2757
13557,0.6822
13558,0.3379
13559,0.3917
13560,0.3494
13561,0.6885
13562,0.4556
13563,0.4918
13564,0.1949
13565,0.3954
13566,0.509
13567,0.3533
13568,0.658
13569,1.0743
13570,0.2579
13571,0.7825
13572,0.6674
13573,0.6916
13574,0.4377
13575,0.4671
13576,0.2725
13577,0.2361
13578,0.2795
13579,0.6804
13580,0.3187
13581,0.5932
13582,0.8955
13583,0.15
13584,0.5406
13585,0.9409
13586,0.7013
13587,0.7762
13588,0.6289
13589,0.1308
13590,0.5437
13591,0.7732
13592,0.4903
13593,0.9904
13594,0.4654
13595,0.4515
13596,0.5246
13597,0.5185
13598,0.4547
13599,0.3946
13600,0.6556
13601,0.8153
13602,0.2377
13603,0.3502
13604,0.42
13605,1.0327
13606,0.4496
13607,0.2161
13608,0.2838
13609,0.5862
13610,0.275
13611,0.8407
13612,0.2178
13613,0.364
13614,0.6314
13615,1.0237
13616,0.7997
13617,0.3749
13618,0.8461
13619,0.5191
13620,0.2582
13621,0.5748
13622,0.2485
13623,0.6238
13624,0.6359
13625,0.6276
13626,0.3129
13627,0.4453
13628,0.5456
13629,0.2108
13630,0.3936
13631,0.8342
13632,0.619
13633,0.2346
13634,0.5635
13635,0.3952
13636,0.7112
13637,0.1785
13638,0.2895
13639,0.9552
13640,0.9509
13641,0.1577
13642,0.8144
13643,0.3328
13644,0.2274
13645,0.9225
13646,1.0658
13647,0.482
13648,0.1968
13649,0.4439
13650,0.144
13651,0.4366
13652,0.2301
13653,0.1658
13654,0.6806
13655,0.7465
13656,0.3664
13657,0.288
13658,0.4648
13659,0.2576
13660,0.3849
13661,0.3133
13662,0.2324
13663,0.6095
13664,0.3369
13665,0.9524
13666,0.2825
13667,0.3922
13668,0.3923
13669,0.6417
13670,0.4002
13671,0.1558
13672,0.5162
13673,0.2001
13674,0.3369
13675,0.8555
13676,0.3241
13677,0.1148
13678,0.3808
13679,0.3523
13680,0.6064
13681,0.1426
13682,0.7897
13683,0.9651
13684,0.1866
13685,0.6022
13686,0.208
13687,0.24
13688,0.2535
13689,0.3927
13690,0.544
13691,1.3127
13692,0.7909
13693,0.1282
13694,0.2369
13695,0.5732
13696,0.3576
13697,0.6608
13698,1.1974
13699,0.7032
13700,0.9647
13701,0.5643
13702,0.4546
13703,0.3594
13704,0.3747
13705,0.1563
13706,0.4237
13707,1.0432
13708,0.7546
13709,0.1312
13710,0.4495
13711,0.4075
13712,0.2309
13713,0.4739
13714,0.4857
13715,0.4564
13716,0.224
13717,0.3443
13718,0.5079
13719,0.7476
13720,0.148
13721,0.1607
13722,0.2651
13723,0.1514
13724,0.5117
13725,0.1318
13726,0.741
13727,0.537
13728,0.5968
13729,0.285
13730,0.591
13731,0.6154
13732,0.2547
13733,0.5853
13734,0.5943
13735,0.9331
13736,0.6388
13737,0.9146
13738,0.1665
13739,0.475
13740,0.3349
13741,0.1707
13742,0.2337
13743,0.2564
13744,0.4595
13745,0.6112
13746,0.6296
13747,0.5061
13748,0.5165
13749,0.3532
13750,1.0785
13751,0.5806
13752,0.4793
13753,0.5689
13754,0.1796
13755,0.1774
13756,0.1295
13757,0.4292
13758,0.845
13759,0.6891
13760,0.5404
13761,0.408
13762,0.4898
13763,0.3815
13764,0.2403
13765,0.8222
13766,0.1297
13767,0.4814
13768,0.6546
13769,0.2459
13770,0.4178
13771,0.1923
13772,0.5086
13773,0.616
13774,0.4354
13775,0.3011
13776,0.5522
13777,0.4775
13778,0.2095
13779,0.3306
13780,1.1259
13781,1.3232
13782,0.6353
13783,0.7712
13784,0.3562
13785,0.2575
13786,0.2147
13787,0.6176
13788,0.5474
13789,0.5696
13790,0.1623
13791,0.4769
13792,0.36
13793,0.3096
13794,0.1321
13795,0.6854
13796,0.4658
13797,0.9508
13798,0.2936
13799,0.5118
13800,0.6256
13801,0.2138
13802,0.5987
13803,0.6173
13804,0.7071
13805,0.4078
13806,0.682
13807,0.6186
13808,0.9896
13809,0.2573
13810,0.4676
13811,0.3384
13812,0.7034
13813,0.4757
13814,0.4848
13815,0.572
13816,0.4965
13817,0.8539
13818,0.2544
13819,0.1814
13820,0.9577
13821,1.0772
13822,0.2116
13823,0.3837
13824,0.4605
13825,0.4679
13826,0.1594
13827,0.5097
13828,1.2324
13829,0.4055
13830,0.4035
13831,0.7505
13832,0.3449
13833,0.7011
13834,0.2472
13835,0.5764
13836,0.147
13837,0.1887
13838,0.3582
13839,0.7432
13840,0.4884
13841,0.9179
13842,0.574
13843,0.2569
13844,0.5902
13845,0.1591
13846,0.1967
13847,0.26
13848,0.2301
13849,0.4415
13850,0.6441
13851,0.2841
13852,0.2564
13853,1.4197
13854,0.2297
13855,0.5938
13856,0.4404
13857,0.4554
13858,0.7396
13859,0.4312
13860,0.6427
13861,1.1705
13862,0.2959
13863,0.3178
13864,0.4725
13865,0.8922
13866,0.3432
13867,0.534
13868,0.1914
13869,0.1922
13870,0.3799
13871,0.4874
13872,0.246
13873,0.6346
13874,0.5837
13875,0.1542
13876,0.7911
13877,0.6883
13878,0.2881
13879,0.2685
13880,0.5507
13881,0.8722
13882,0.5704
13883,0.3646
13884,0.613
13885,0.1983
13886,0.9726
13887,0.3669
13888,0.9373
13889,0.5801
13890,0.2428
13891,0.233
13892,0.4905
13893,0.686
13894,0.8437
13895,0.5384
13896,0.5016
13897,0.3981
13898,0.4083
13899,0.2323
13900,0.4561
13901,1.0084
13902,0.7452
13903,0.1772
13904,0.6282
13905,0.2098
13906,0.5801
13907,0.7397
13908,0.4668
13909,0.6788
13910,0.6657
13911,0.2712
13912,0.3301
13913,0.2924
13914,0.4159
13915,0.2376
13916,0.1592
13917,0.1816
13918,0.9138
13919,0.1246
13920,0.2724
13921,0.3882
13922,0.6704
13923,0.5137
13924,0.5381
13925,0.1098
13926,0.4017
13927,0.2548
13928,0.196
13929,0.3903
13930,0.5298
13931,0.1727
13932,0.5614
13933,0.771
13934,0.9537
13935,0.5297
13936,0.5962
13937,0.5403
13938,0.2119
13939,0.1749
13940,0.1556
13941,0.8958
13942,0.3366
13943,0.148
13944,0.5544
13945,0.1893
13946,0.36
13947,0.4793
13948,0.7872
13949,0.5498
13950,0.4149
13951,0.094
13952,0.247
13953,0.991
13954,0.6471
13955,0.2618
13956,0.3669
13957,0.2425
13958,0.5354
13959,0.1637
13960,0.3152
13961,0.6011
13962,0.1697
13963,0.8536
13964,0.5719
13965,0.6546
13966,0.1899
13967,0.4632
13968,0.4256
13969,0.1143
13970,0.698
13971,0.7885
13972,0.8228
13973,0.4204
13974,0.414
13975,0.5134
13976,0.5352
13977,1.1505
13978,0.6221
13979,0.5435
13980,0.2611
13981,0.1793
13982,0.8506
13983,0.9592
13984,0.7333
13985,0.654
13986,0.7699
13987,0.5713
13988,0.6402
13989,0.5573
13990,0.6717
13991,1.1953
13992,0.9381
13993,0.6942
13994,0.3347
13995,0.4467
13996,0.2904
13997,0.326
13998,1.3161
13999,0.5595
14000,0.7705
14001,0.163
14002,0.8149
14003,0.4342
14004,0.6514
14005,0.6742
14006,0.5237
14007,0.458
14008,0.4434
14009,0.2849
14010,0.4694
14011,0.2332
14012,1.034
14013,0.3013
14014,0.3804
14015,0.1021
14016,0.3556
14017,0.7931
14018,0.3141
14019,0.2663
14020,0.4003
14021,0.3699
14022,0.8927
14023,0.2934
14024,0.2299
14025,0.7808
14026,0.6875
14027,0.4308
14028,0.4057
14029,0.3999
14030,0.672
14031,0.7456
14032,1.0064
14033,0.2547
14034,0.5344
14035,0.2852
14036,0.4059
14037,0.7252
14038,0.7321
14039,0.4401
14040,0.4011
14041,1.2246
14042,1.0249
14043,0.4205
14044,0.2676
14045,0.1726
14046,0.5166
14047,0.3269
14048,0.4745
14049,0.7103
14050,0.3305
14051,0.3481
14052,0.4213
14053,0.9956
14054,0.6579
14055,0.555
14056,0.3248
14057,0.3735
14058,0.4811
14059,0.4837
14060,0.2901
14061,0.3928
14062,0.2434
14063,0.4963
14064,0.2115
14065,0.8773
14066,0.1156
14067,0.4934
14068,0.5719
14069,0.2748
14070,0.1517
14071,0.3576
14072,0.7821
14073,0.7955
14074,0.596
14075,0.5095
14076,0.544
14077,0.4948
14078,0.3509
14079,0.2426
14080,1.3135
14081,0.7295
14082,0.9059
14083,0.4216
14084,0.1271
14085,0.7091
14086,0.57
14087,0.5618
14088,0.2648
14089,0.57
14090,0.3225
14091,0.2978
14092,0.6304
14093,0.3883
14094,0.3343
14095,0.8891
14096,0.8085
14097,0.3103
14098,0.8412
14099,0.3344
14100,0.3484
14101,0.3215
14102,0.9058
14103,0.4714
14104,0.2933
14105,0.482
14106,0.4734
14107,1.0168
14108,0.1632
14109,0.8435
14110,0.7574
14111,0.3424
14112,0.1692
14113,0.8897
14114,0.5897
14115,0.8277
14116,0.1713
14117,0.3088
14118,0.7507
14119,0.3083
14120,0.7176
14121,1.1928
14122,1.0002
14123,0.6351
14124,0.2504
14125,0.3351
14126,0.5936
14127,0.2803
14128,0.6052
14129,0.4685
14130,0.3371
14131,0.2759
14132,0.8666
14133,0.2604
14134,0.4801
14135,0.2276
14136,1.1518
14137,0.484
14138,0.6414
14139,0.4972
14140,0.2742
14141,0.2633
14142,0.3046
14143,1.1394
14144,0.286
14145,0.2403
14146,0.2568
14147,0.4439
14148,0.4565
14149,0.2112
14150,0.2284
14151,0.6943
14152,0.7632
14153,0.6512
14154,0.4632
14155,0.2599
14156,0.2916
14157,0.2612
14158,0.3863
14159,0.3659
14160,0.5929
14161,0.2021
14162,0.2435
14163,0.1623
14164,0.5016
14165,0.4814
14166,0.4248
14167,0.6117
14168,0.4172
14169,0.2985
14170,0.3257
14171,0.5868
14172,0.2951
14173,0.3129
14174,0.4428
14175,0.6057
14176,0.4247
14177,0.5129
14178,0.6512
14179,0.4653
14180,0.2437
14181,0.3983
14182,0.1645
14183,0.639
14184,0.716
14185,0.1877
14186,0.4394
14187,0.3714
14188,0.2501
14189,0.1108
14190,0.5066
14191,0.8005
14192,0.3615
14193,0.2876
14194,0.7153
14195,0.2922
14196,0.4414
14197,0.4211
14198,0.1444
14199,0.2814
14200,0.6125
14201,0.3494
14202,0.2624
14203,0.6103
14204,0.2556
14205,0.7594
14206,0.736
14207,0.1751
14208,0.5231
14209,0.8773
14210,0.257
14211,0.635
14212,0.2505
14213,0.9972
14214,0.2578
14215,0.1162
14216,0.2445
14217,0.5888
14218,0.2887
14219,0.3482
14220,0.5094
14221,0.4151
14222,0.2295
14223,0.4081
14224,0.6774
14225,0.3236
14226,0.2115
14227,0.7115
14228,0.2675
14229,0.6011
14230,0.3355
14231,0.1687
14232,0.4491
14233,0.2225
14234,0.2148
14235,0.5381
14236,0.6277
14237,0.6322
14238,0.3047
14239,0.2725
14240,1.2923
14241,0.5826
14242,0.5693
14243,0.3234
14244,0.1425
14245,0.3134
14246,0.7959
14247,0.4777
14248,0.5099
14249,0.5345
14250,0.435
14251,0.1579
14252,0.4791
14253,0.502
14254,0.5577
14255,0.5179
14256,0.5219
14257,0.1773
14258,0.3888
14259,0.6022
14260,0.5246
14261,0.2282
14262,0.2347
14263,0.4845
14264,0.518
14265,0.9853
14266,0.1652
14267,0.2287
14268,0.6073
14269,0.4052
14270,0.3909
14271,0.9863
14272,0.2804
14273,0.2863
14274,0.7103
14275,1.0393
14276,0.6345
14277,0.3289
14278,0.2422
14279,0.6611
14280,0.1778
14281,0.1615
14282,0.2633
14283,0.3362
14284,0.3905
14285,0.7135
14286,0.5428
14287,0.6654
14288,0.8213
14289,0.4532
14290,0.4423
14291,0.6261
14292,0.5644
14293,0.4466
14294,0.1493
14295,0.4412
14296,0.5007
14297,0.2916
14298,0.5485
14299,0.6587
14300,0.4044
14301,0.5666
14302,0.4226
14303,0.237
14304,0.1972
14305,0.2223
14306,0.1065
14307,0.3189
14308,0.8468
14309,0.4073
14310,0.3707
14311,0.5154
14312,0.8387
14313,0.4667
14314,0.982
14315,0.4818
14316,0.3365
14317,1.1748
14318,0.2782
14319,0.2405
14320,0.252
14321,0.41
14322,0.5547
14323,0.5704
14324,0.1992
14325,0.5187
14326,0.7052
14327,0.1972
14328,0.4672
14329,0.2241
14330,0.4082
14331,0.5156
14332,0.2871
14333,0.1841
14334,1.1403
14335,0.8051
14336,0.7971
14337,0.7113
14338,0.5429
14339,0.3115
14340,0.4382
14341,0.4926
14342,0.2141
14343,0.1873
14344,0.6508
14345,0.3918
14346,0.2368
14347,0.7473
14348,0.4283
14349,0.6179
14350,0.3068
14351,0.5384
14352,0.158
14353,0.3284
14354,0.2189
14355,0.3852
14356,0.4378
14357,0.6753
14358,0.8015
14359,0.5084
14360,0.8511
14361,0.536
14362,0.5481
14363,0.1166
14364,0.3475
14365,1.0598
14366,0.3645
14367,0.315
14368,0.6354
14369,0.5676
14370,0.5334
14371,0.4541
14372,0.5872
14373,0.3091
14374,1.1227
14375,0.949
14376,1.0951
14377,0.7603
14378,0.4061
14379,0.663
14380,0.9149
14381,0.7366
14382,0.3378
14383,0.2921
14384,0.157
14385,0.3884
14386,0.453
14387,0.8317
14388,0.3347
14389,0.1864
14390,0.7772
14391,0.4431
14392,0.2526
14393,0.8762
14394,0.639
14395,0.2513
14396,0.468
14397,0.4966
14398,0.232
14399,0.5482
14400,0.4262
14401,0.1084
14402,0.5294
14403,0.8127
14404,0.3017
14405,0.2814
14406,0.372
14407,0.6086
14408,0.3217
14409,0.1801
14410,0.8525
14411,0.5439
14412,0.4287
14413,0.9487
14414,0.213
14415,0.5739
14416,0.1483
14417,0.9279
14418,0.3885
14419,0.5625
14420,0.8547
14421,0.4273
14422,0.4887
14423,0.2859
14424,1.0146
14425,0.5307
14426,0.9676
14427,0.4228
14428,0.4975
14429,0.7376
14430,0.1916
14431,0.2066
14432,0.5417
14433,1.0424
14434,0.6786
14435,0.3236
14436,0.5737
14437,1.2011
14438,0.7344
14439,0.8777
14440,0.3909
14441,0.3317
14442,0.6782
14443,0.7176
14444,0.4472
14445,0.1426
14446,0.1879
14447,0.2402
14448,0.4208
14449,0.3594
14450,0.6167
14451,0.4593
14452,0.3524
14453,0.744
14454,0.6632
14455,0.8471
14456,0.5417
14457,0.9914
14458,1.0185
14459,1.0755
14460,0.5035
14461,0.2893
14462,0.7239
14463,0.7522
14464,0.6474
14465,0.6262
14466,0.7037
14467,0.4989
14468,0.5707
14469,0.4421
14470,0.5338
14471,0.3381
14472,0.3671
14473,0.4363
14474,0.8757
14475,0.3129
14476,0.2101
14477,0.4594
14478,0.8571
14479,0.5371
14480,0.7481
14481,0.3252
14482,0.1735
14483,0.5283
14484,0.5083
14485,0.6487
14486,0.1789
14487,0.382
14488,0.7097
14489,0.2866
14490,0.2383
14491,0.0953
14492,0.6029
14493,0.6195
14494,0.666
14495,0.7349
14496,0.1455
14497,0.8194
14498,0.5697
14499,0.4653
14500,0.4389
14501,0.4219
14502,0.8705
14503,0.8285
14504,0.2172
14505,0.3859
14506,0.4973
14507,0.324
14508,0.3854
14509,0.5014
14510,0.3943
14511,0.2436
14512,0.1925
14513,0.3112
14514,0.4705
14515,0.3096
14516,0.3236
14517,0.123
14518,0.7759
14519,0.1865
14520,0.8512
14521,0.6825
14522,0.1835
14523,0.5935
14524,0.3325
14525,0.4315
14526,0.3942
14527,0.8683
14528,1.2619
14529,0.692
14530,0.2172
14531,0.9854
14532,1.1044
14533,0.3743
14534,0.3964
14535,0.2869
14536,0.8098
14537,0.5473
14538,0.315
14539,0.3932
14540,0.1885
14541,0.6311
14542,1.0246
14543,0.4873
14544,0.6713
14545,0.2312
14546,0.6093
14547,0.353
14548,0.3423
14549,0.5152
14550,0.3119
14551,1.1085
14552,0.7387
14553,0.1728
14554,0.339
14555,0.7038
14556,0.5132
14557,0.4526
14558,0.6206
14559,0.3998
14560,0.4698
14561,0.677
14562,0.6166
14563,0.1419
14564,0.3782
14565,0.511
14566,1.0564
14567,0.7182
14568,0.2028
14569,0.3601
14570,0.284
14571,0.2936
14572,0.2458
14573,0.4111
14574,0.5173
14575,0.6512
14576,0.6788
14577,0.6392
14578,0.3943
14579,0.4335
14580,0.495
14581,0.6026
14582,0.842
14583,0.4425
14584,0.2088
14585,0.322
14586,0.5285
14587,0.2038
14588,0.259
14589,0.4717
14590,0.28
14591,0.6145
14592,0.3252
14593,0.7099
14594,0.1295
14595,0.1434
14596,0.8114
14597,0.3933
14598,0.1174
14599,0.4561
14600,0.4284
14601,0.5044
14602,0.2364
14603,0.9156
14604,0.1757
14605,0.5231
14606,0.4988
14607,0.2371
14608,0.4831
14609,0.2806
14610,0.2346
14611,0.1294
14612,0.7068
14613,0.5984
14614,0.4394
14615,0.2767
14616,0.4639
14617,0.2915
14618,1.0432
14619,0.638
14620,0.2756
14621,0.202
14622,0.246
14623,0.5029
14624,0.8992
14625,0.268
14626,0.2657
14627,0.6919
14628,0.1976
14629,0.747
14630,0.2944
14631,0.255
14632,0.6046
14633,0.4367
14634,0.5096
14635,0.8421
14636,0.6002
14637,0.2911
14638,0.7826
14639,0.3871
14640,0.1377
14641,0.4484
14642,0.3578
14643,0.4797
14644,0.4293
14645,0.881
14646,0.1406
14647,0.4337
14648,0.517
14649,0.2035
14650,0.3276
14651,0.9498
14652,0.7141
14653,0.6448
14654,0.9431
14655,1.2763
14656,0.526
14657,0.4606
14658,0.3044
14659,1.385
14660,0.2481
14661,0.1897
14662,0.5658
14663,0.5724
14664,0.204
14665,0.7645
14666,0.2301
14667,0.5217
14668,0.2325
14669,0.3812
14670,0.6263
14671,0.2296
14672,0.5366
14673,0.3593
14674,0.4726
14675,0.6093
14676,0.5275
14677,0.1312
14678,0.5893
14679,0.202
14680,0.303
14681,0.4795
14682,0.763
14683,0.4643
14684,0.6837
14685,0.3753
14686,0.6902
14687,0.5563
14688,0.5804
14689,0.5913
14690,0.659
14691,0.3555
14692,0.8244
14693,0.5106
14694,0.7352
14695,0.2477
14696,0.7831
14697,0.2929
14698,0.5937
14699,0.6966
14700,0.186
14701,0.6837
14702,0.5869
14703,0.1588
14704,0.2991
14705,1.1046
14706,0.808
14707,0.4591
14708,0.6267
14709,0.3658
14710,0.3302
14711,0.1923
14712,0.6847
14713,0.3995
14714,0.2067
14715,0.8635
14716,0.362
14717,0.4025
14718,0.8583
14719,0.8005
14720,0.4165
14721,0.5704
14722,0.2018
14723,0.6327
14724,0.769
14725,0.4652
14726,0.2088
14727,0.6188
14728,0.261
14729,0.462
14730,0.227
14731,0.1155
14732,0.3459
14733,0.7153
14734,0.1364
14735,0.3348
14736,0.1049
14737,0.9409
14738,0.1892
14739,0.282
14740,0.5862
14741,0.6982
14742,0.9924
14743,0.9034
14744,0.2554
14745,0.2166
14746,0.3407
14747,0.5766
14748,0.7583
14749,0.7124
14750,0.489
14751,0.1788
14752,0.6466
14753,0.2173
14754,0.1963
14755,0.6441
14756,0.2431
14757,0.8447
14758,1.1722
14759,0.3051
14760,0.857
14761,0.4016
14762,0.581
14763,0.7314
14764,0.1693
14765,0.4032
14766,0.8158
14767,0.522
14768,0.4447
14769,0.3247
14770,0.328
14771,0.4061
14772,0.1743
14773,0.8013
14774,1.1114
14775,0.861
14776,0.4378
14777,0.2145
14778,0.5183
14779,1.313
14780,0.3362
14781,0.7098
14782,0.3972
14783,0.5397
14784,0.6117
14785,1.0402
14786,0.4352
14787,0.9228
14788,0.5135
14789,0.2664
14790,0.4886
14791,0.3582
14792,0.7987
14793,0.6962
14794,0.9299
14795,0.8691
14796,0.5079
14797,0.6106
14798,0.2937
14799,0.2436
14800,0.4968
14801,0.1302
14802,0.3214
14803,0.9439
14804,0.3301
14805,0.7163
14806,0.6027
14807,0.5869
14808,0.375
14809,0.4164
14810,0.4918
14811,0.3731
14812,0.2595
14813,0.5478
14814,0.7607
14815,0.505
14816,0.5586
14817,1.0466
14818,0.5161
14819,0.5396
14820,0.8603
14821,0.6104
14822,0.4427
14823,0.2647
14824,0.8385
14825,0.313
14826,0.4705
14827,0.8439
14828,0.2057
14829,0.7995
14830,0.3573
14831,1.147
14832,0.3926
14833,0.2443
14834,0.6625
14835,0.1569
14836,0.522
14837,0.2444
14838,0.3123
14839,0.3754
14840,0.3169
14841,0.8738
14842,1.2243
14843,1.4265
14844,0.7018
14845,0.622
14846,1.0671
14847,0.6846
14848,0.4324
14849,0.5532
14850,0.4113
14851,0.4127
14852,0.4711
14853,1.1605
14854,0.3003
14855,0.4961
14856,0.4891
14857,0.7283
14858,0.561
14859,0.4493
14860,0.1471
14861,0.6612
14862,0.6794
14863,0.2543
14864,0.133
14865,0.3186
14866,0.5597
14867,0.8253
14868,0.3585
14869,0.9126
14870,0.8376
14871,0.6297
14872,0.9453
14873,0.6868
14874,0.4768
14875,0.5667
14876,1.1469
14877,0.3715
14878,0.4623
14879,0.5979
14880,0.1435
14881,0.3333
14882,0.6658
14883,0.9463
14884,0.6425
14885,0.3002
14886,0.374
14887,0.1769
14888,0.4983
14889,0.5875
14890,0.1489
14891,0.1491
14892,0.3436
14893,0.1947
14894,0.769
14895,0.1874
14896,0.3508
14897,0.2451
14898,0.2238
14899,0.8514
14900,0.1997
14901,0.4717
14902,0.7504
14903,0.1757
14904,0.2493
14905,0.3303
14906,0.258
14907,0.1333
14908,0.3011
14909,0.1521
14910,0.5088
14911,1.2117
14912,0.2703
14913,0.8259
14914,0.1774
14915,0.6749
14916,0.3466
14917,0.4265
14918,0.2982
14919,0.1272
14920,0.3248
14921,0.3874
14922,0.2631
14923,0.5094
14924,0.6593
14925,0.2728
14926,0.4961
14927,0.5921
14928,0.5533
14929,0.4586
14930,0.2933
14931,1.2908
14932,0.3916
14933,0.5368
14934,0.9213
14935,0.1834
14936,0.3281
14937,0.5954
14938,0.3075
14939,0.2399
14940,0.7132
14941,0.2765
14942,0.3636
14943,0.1446
14944,0.349
14945,0.561
14946,0.3628
14947,0.3507
14948,0.5323
14949,0.9655
14950,0.8052
14951,0.4249
14952,0.813
14953,0.6897
14954,0.4303
14955,0.1957
14956,0.3939
14957,0.4289
14958,0.7221
14959,0.5617
14960,0.5213
14961,0.8035
14962,0.2406
14963,0.3258
14964,0.3053
14965,0.412
14966,0.4071
14967,0.3323
14968,0.4619
14969,0.3104
14970,0.4012
14971,0.2163
14972,1.0592
14973,0.3284
14974,0.1458
14975,0.5527
14976,0.2311
14977,0.558
14978,0.886
14979,0.821
14980,0.6587
14981,0.3676
14982,1.147
14983,0.8675
14984,0.794
14985,0.6513
14986,0.4067
14987,0.3476
14988,0.171
14989,0.8494
14990,0.7166
14991,0.1914
14992,0.1657
14993,0.6439
14994,0.4369
14995,0.4572
14996,0.6819
14997,0.5115
14998,0.4963
14999,0.556
15000,0.2493
15001,0.3098
15002,0.1487
15003,0.6216
15004,0.3387
15005,0.2947
15006,0.4748
15007,0.2818
15008,0.4463
15009,1.0771
15010,0.5864
15011,0.1957
15012,0.5467
15013,0.8861
15014,0.3307
15015,0.7138
15016,0.3695
15017,0.306
15018,0.2151
15019,0.1896
15020,0.7936
15021,0.8447
15022,0.2653
15023,0.3681
15024,0.2433
15025,0.4317
15026,0.4014
15027,0.285
15028,0.5593
15029,0.2398
15030,0.2057
15031,0.2865
15032,0.8128
15033,0.5069
15034,0.2521
15035,0.5594
15036,0.4621
15037,0.5075
15038,0.6081
15039,1.4657
15040,0.5079
15041,0.8422
15042,0.2199
15043,0.7461
15044,0.3289
15045,0.6219
15046,0.6588
15047,0.2742
15048,0.7487
15049,0.9187
15050,0.2132
15051,0.154
15052,0.8627
15053,0.227
15054,1.0357
15055,1.1743
15056,0.8718
15057,0.5522
15058,0.7448
15059,0.2069
15060,0.3557
15061,0.5208
15062,0.7151
15063,0.4917
15064,0.1635
15065,0.2881
15066,0.3769
15067,0.6913
15068,0.3912
15069,0.7194
15070,0.5052
15071,0.4468
15072,1.2256
15073,0.2643
15074,0.6136
15075,1.0955
15076,0.4824
15077,0.8721
15078,0.4177
15079,0.4263
15080,0.582
15081,0.775
15082,0.0969
15083,0.2423
15084,0.2952
15085,0.8142
15086,0.3537
15087,0.4683
15088,0.799
15089,0.7031
15090,0.5852
15091,0.6304
15092,0.2126
15093,0.3244
15094,0.7332
15095,0.2029
15096,0.8056
15097,0.1255
15098,0.9074
15099,0.742
15100,0.5665
15101,0.5148
15102,0.4773
15103,0.23
15104,0.7155
15105,0.3659
15106,0.6159
15107,0.4461
15108,0.7922
15109,0.208
15110,0.1648
15111,0.631
15112,0.275
15113,0.7757
15114,0.4034
15115,0.1542
15116,0.6414
15117,0.3718
15118,0.5352
15119,0.4355
15120,0.1381
15121,0.3043
15122,0.765
15123,0.529
15124,0.4068
15125,1.2778
15126,0.3892
15127,0.3837
15128,0.2658
15129,0.5835
15130,0.5928
15131,0.1589
15132,0.638
15133,0.5725
15134,0.7697
15135,0.5388
15136,0.4948
15137,0.2388
15138,0.2463
15139,0.5485
15140,0.3247
15141,0.4295
15142,0.6422
15143,0.2101
15144,0.5108
15145,0.6904
15146,0.5418
15147,0.5135
15148,0.5143
15149,0.326
15150,0.3064
15151,0.2221
15152,0.4256
15153,0.5327
15154,0.3076
15155,0.3452
15156,0.2337
15157,0.2376
15158,0.5049
15159,0.4218
15160,0.2773
15161,0.8285
15162,0.518
15163,0.2207
15164,0.8203
15165,0.538
15166,0.6498
15167,0.523
15168,0.875
15169,0.7719
15170,0.97
15171,0.7127
15172,0.4793
15173,0.5623
15174,0.2248
15175,0.9917
15176,0.439
15177,0.2663
15178,0.3354
15179,0.1623
15180,0.5845
15181,0.7565
15182,0.6985
15183,0.3104
15184,0.3121
15185,0.8525
15186,0.4126
15187,0.5777
15188,1.0228
15189,0.3018
15190,0.3076
15191,0.5516
15192,0.2013
15193,0.5294
15194,0.2456
15195,0.3172
15196,0.8154
15197,0.4772
15198,0.4974
15199,0.2707
15200,0.8263
15201,0.2686
15202,0.3536
15203,0.2933
15204,0.446
15205,0.8522
15206,0.5064
15207,0.1938
15208,0.2161
15209,0.4038
15210,0.6735
15211,0.5705
15212,0.4543
15213,0.6065
15214,0.5975
15215,0.4548
15216,0.8728
15217,0.5383
15218,0.4266
15219,0.9582
15220,0.6661
15221,0.5527
15222,0.5369
15223,0.6888
15224,0.2783
15225,0.8869
15226,0.2815
15227,0.3707
15228,0.3257
15229,0.554
15230,0.4493
15231,0.3338
15232,0.4598
15233,0.4332
15234,0.5507
15235,0.4854
15236,0.1366
15237,0.3147
15238,0.7891
15239,0.34
15240,0.4836
15241,0.2454
15242,0.5037
15243,1.0076
15244,0.1023
15245,0.3636
15246,0.1468
15247,0.7734
15248,0.4443
15249,0.7021
15250,0.6695
15251,0.5148
15252,0.3312
15253,0.3431
15254,0.7464
15255,0.308
15256,0.66
15257,0.322
15258,0.2834
15259,0.5825
15260,0.8964
15261,0.8549
15262,0.4508
15263,0.3464
15264,0.4766
15265,0.1493
15266,0.5187
15267,0.6683
15268,0.2476
15269,0.4991
15270,0.9326
15271,0.234
15272,0.162
15273,0.3821
15274,1.354
15275,0.5102
15276,0.2692
15277,0.1996
15278,0.8461
15279,0.5857
15280,0.4754
15281,0.6508
15282,0.2686
15283,0.8172
15284,0.4138
15285,0.2307
15286,0.6758
15287,0.5482
15288,0.319
15289,0.5497
15290,0.5902
15291,0.5875
15292,0.8805
15293,0.8177
15294,0.3212
15295,0.1703
15296,0.3615
15297,0.5791
15298,0.491
15299,0.4797
15300,0.2423
15301,0.6039
15302,0.3335
15303,0.8489
15304,0.2844
15305,0.7359
15306,0.5292
15307,0.8748
15308,0.4994
15309,0.1356
15310,0.5634
15311,0.1762
15312,0.2434
15313,0.4094
15314,0.7643
15315,0.5277
15316,0.166
15317,0.3459
15318,0.6905
15319,0.2635
15320,0.3439
15321,0.3838
15322,0.3522
15323,0.168
15324,0.3149
15325,0.1389
15326,0.5188
15327,0.9124
15328,0.1952
15329,0.6533
15330,0.4256
15331,0.2112
15332,0.9052
15333,0.7097
15334,0.6729
15335,0.6333
15336,0.4573
15337,0.7128
15338,0.4452
15339,0.1842
15340,0.4022
15341,0.1523
15342,0.6862
15343,0.5874
15344,0.2535
15345,0.7447
15346,1.0141
15347,0.3223
15348,0.7155
15349,0.2046
15350,0.8961
15351,0.4047
15352,0.3164
15353,0.5273
15354,0.3324
15355,0.3055
15356,0.321
15357,0.2042
15358,0.8616
15359,0.2107
15360,0.3371
15361,1.0362
15362,0.2415
15363,0.6013
15364,0.4857
15365,0.1778
15366,0.8196
15367,0.4451
15368,0.6971
15369,0.8096
15370,0.22
15371,0.2707
15372,0.655
15373,0.4423
15374,0.4422
15375,0.2215
15376,0.739
15377,0.8099
15378,0.3143
15379,0.199
15380,0.7071
15381,0.2841
15382,0.3987
15383,0.9222
15384,0.7703
15385,0.3443
15386,0.6109
15387,0.6687
15388,0.5334
15389,0.2953
15390,0.336
15391,0.7678
15392,0.5714
15393,1.0691
15394,0.2554
15395,0.6959
15396,0.847
15397,0.7678
15398,0.5439
15399,0.5604
15400,0.2792
15401,0.2038
15402,0.3656
15403,0.1978
15404,0.7414
15405,0.8779
15406,0.0986
15407,0.3687
15408,0.5863
15409,1.0225
15410,0.4625
15411,0.479
15412,0.4628
15413,0.9741
15414,0.4124
15415,0.6589
15416,0.1636
15417,0.2382
15418,0.4162
15419,0.7712
15420,0.4209
15421,0.5805
15422,0.7817
15423,0.2683
15424,0.7595
15425,0.6863
15426,0.7943
15427,0.2475
15428,0.612
15429,0.5856
15430,0.2598
15431,0.3822
15432,0.6421
15433,0.3051
15434,0.5986
15435,0.3399
15436,0.4698
15437,0.6915
15438,0.248
15439,0.4962
15440,0.3874
15441,0.5423
15442,0.3839
15443,0.572
15444,0.5529
15445,0.3193
15446,0.2683
15447,0.3371
15448,0.3802
15449,0.6962
15450,0.5576
15451,0.5547
15452,0.2798
15453,0.7749
15454,0.1735
15455,0.4383
15456,0.7997
15457,0.3546
15458,0.3882
15459,1.1566
15460,0.4693
15461,0.4417
15462,0.3898
15463,0.3592
15464,0.8162
15465,0.3867
15466,0.5191
15467,0.4589
15468,0.2776
15469,0.7197
15470,0.5704
15471,0.4842
15472,0.945
15473,0.5677
15474,0.954
15475,0.2997
15476,0.3678
15477,0.8259
15478,0.6517
15479,0.3693
15480,0.156
15481,0.385
15482,0.5372
15483,0.5595
15484,0.3203
15485,0.4761
15486,0.3096
15487,0.5266
15488,0.8706
15489,0.6608
15490,0.6241
15491,0.3962
15492,0.3276
15493,0.6697
15494,0.7471
15495,0.4778
15496,0.3521
15497,0.2276
15498,1.0721
15499,0.813
15500,0.9145
15501,0.1593
15502,0.3687
15503,0.2899
15504,0.3425
15505,0.1811
15506,0.2102
15507,0.6541
15508,0.4312
15509,0.1976
15510,0.4167
15511,0.3874
15512,0.4152
15513,0.815
15514,0.2314
15515,0.9337
15516,0.2825
15517,0.538
15518,0.1697
15519,0.5386
15520,0.6902
15521,0.3627
15522,0.3692
15523,0.6538
15524,0.6352
15525,0.8068
15526,0.1862
15527,0.5218
15528,0.2921
15529,0.7153
15530,0.329
15531,0.6137
15532,0.4799
15533,0.4153
15534,0.1927
15535,0.5218
15536,0.9836
15537,0.7908
15538,0.9065
15539,0.4456
15540,0.3998
15541,0.234
15542,0.3433
15543,0.2054
15544,0.7082
15545,0.4487
15546,0.2581
15547,0.3982
15548,0.2975
15549,0.5488
15550,0.6387
15551,0.5763
15552,0.2476
15553,0.5887
15554,0.6914
15555,0.3643
15556,1.0065
15557,0.3561
15558,0.4695
15559,0.4436
15560,0.1111
15561,0.3403
15562,0.5194
15563,0.402
15564,0.5276
15565,0.8607
15566,0.3788
15567,0.4118
15568,0.2704
15569,0.9601
15570,0.524
15571,0.7999
15572,0.5561
15573,0.5057
15574,0.5588
15575,0.2541
15576,0.3438
15577,0.9333
15578,0.1014
15579,0.3992
15580,0.53
15581,0.5074
15582,0.4156
15583,0.6906
15584,0.6262
15585,0.5532
15586,0.3221
15587,0.5178
15588,0.2295
15589,0.4134
15590,0.9071
15591,0.4744
15592,0.7592
15593,0.704
15594,0.4382
15595,0.4559
15596,0.3123
15597,0.5464
15598,0.9359
15599,0.3303
15600,0.451
15601,0.6156
15602,0.4844
15603,0.6438
15604,1.2247
15605,0.4132
15606,0.0966
15607,0.3016
15608,0.2607
15609,0.5723
15610,0.7001
15611,0.6704
15612,0.5334
15613,0.6186
15614,0.2812
15615,0.1479
15616,0.6546
15617,0.5751
15618,0.1692
15619,0.7507
15620,0.9082
15621,0.5888
15622,0.748
15623,0.2544
15624,0.5516
15625,0.3923
15626,0.4613
15627,0.794
15628,0.5067
15629,0.3267
15630,0.9284
15631,0.2681
15632,0.5937
15633,0.5147
15634,0.7914
15635,0.4784
15636,0.4898
15637,0.3032
15638,0.3001
15639,0.3953
15640,0.6664
15641,0.4928
15642,0.4947
15643,0.3615
15644,0.2213
15645,0.6939
15646,0.2281
15647,0.2515
15648,0.2239
15649,1.0422
15650,0.804
15651,0.2276
15652,0.372
15653,0.2787
15654,0.266
15655,0.329
15656,0.8428
15657,0.2189
15658,0.8666
15659,0.8374
15660,0.2888
15661,0.3274
15662,0.3141
15663,0.4793
15664,0.3695
15665,0.449
15666,0.6749
15667,0.5755
15668,0.3853
15669,0.3652
15670,0.273
15671,0.4782
15672,0.2121
15673,0.4465
15674,0.475
15675,1.0231
15676,0.5544
15677,0.8761
15678,0.4872
15679,0.705
15680,0.1682
15681,0.7251
15682,0.2946
15683,0.6098
15684,0.9056
15685,0.2103
15686,0.5679
15687,0.2234
15688,1.2268
15689,0.1854
15690,0.8116
15691,0.6115
15692,0.8784
15693,0.3258
15694,0.8408
15695,0.8393
15696,0.3653
15697,0.4545
15698,0.3782
15699,0.3166
15700,0.307
15701,0.5014
15702,0.4317
15703,0.9583
15704,0.4057
15705,0.2259
15706,0.3668
15707,0.6347
15708,0.2505
15709,1.0171
15710,0.3417
15711,0.9043
15712,0.5997
15713,0.5437
15714,0.5365
15715,0.1963
15716,0.9192
15717,0.8803
15718,0.5372
15719,0.7719
15720,0.5637
15721,0.4506
15722,0.4231
15723,1.0819
15724,0.2845
15725,1.1933
15726,0.7815
15727,0.3228
15728,0.7164
15729,0.6834
15730,0.2645
15731,0.3638
15732,0.7638
15733,0.3887
15734,0.5433
15735,0.4769
15736,0.6966
15737,0.482
15738,0.1957
15739,0.7045
15740,0.3909
15741,0.6113
15742,0.9921
15743,0.7505
15744,0.5416
15745,0.764
15746,0.9301
15747,0.5475
15748,0.1589
15749,0.6212
15750,0.2183
15751,0.1919
15752,0.4205
15753,0.5713
15754,0.8175
15755,0.5223
15756,0.9358
15757,0.6798
15758,0.4951
15759,0.7586
15760,0.5364
15761,0.3981
15762,0.4143
15763,0.2399
15764,0.2082
15765,0.1302
15766,0.2878
15767,0.7603
15768,1.0382
15769,0.7081
15770,0.4458
15771,0.4213
15772,0.8365
15773,0.1712
15774,0.7715
15775,0.4553
15776,0.1529
15777,0.5261
15778,0.2184
15779,1.0702
15780,0.6792
15781,0.219
15782,0.9363
15783,0.419
15784,0.6203
15785,0.2908
15786,0.9638
15787,0.3859
15788,0.1875
15789,0.231
15790,0.1933
15791,0.7306
15792,0.4167
15793,0.7962
15794,0.2037
15795,0.1501
15796,0.8051
15797,0.1912
15798,0.1877
15799,0.7137
15800,0.2145
15801,0.5306
15802,0.4358
15803,0.3491
15804,0.2034
15805,0.7891
15806,0.3429
15807,0.5231
15808,0.3018
15809,1.0098
15810,0.2552
15811,0.6087
15812,0.2935
15813,0.8329
15814,0.5935
15815,0.3698
15816,0.4213
15817,0.3554
15818,0.8099
15819,0.8214
15820,0.2123
15821,0.2876
15822,0.6025
15823,0.5475
15824,0.4535
15825,0.7521
15826,0.6961
15827,1.0242
15828,0.1722
15829,0.5488
15830,0.2541
15831,0.293
15832,0.4457
15833,0.1615
15834,0.3352
15835,0.2405
15836,0.2416
15837,0.7713
15838,0.602
15839,0.2903
15840,0.6479
15841,0.8383
15842,0.3482
15843,0.3758
15844,0.8297
15845,0.4126
15846,0.3565
15847,0.4968
15848,0.5179
15849,0.6817
15850,0.4628
15851,0.6845
15852,0.1752
15853,0.6037
15854,0.1856
15855,0.5782
15856,0.8639
15857,0.3309
15858,0.6655
15859,1.1762
15860,0.5109
15861,0.4859
15862,0.6771
15863,0.2332
15864,0.5054
15865,0.6313
15866,0.3318
15867,0.6508
15868,0.4441
15869,0.4681
15870,0.752
15871,0.3969
15872,1.0663
15873,0.1924
15874,0.497
15875,0.276
15876,0.329
15877,1.1331
15878,0.9049
15879,0.5346
15880,0.8191
15881,0.401
15882,0.2682
15883,0.4514
15884,0.4604
15885,0.6334
15886,0.1695
15887,0.4234
15888,0.8645
15889,0.4802
15890,0.1918
15891,0.2275
15892,0.9066
15893,0.5471
15894,0.6991
15895,0.7515
15896,0.4939
15897,0.3093
15898,0.3005
15899,0.5476
15900,0.5339
15901,1.0183
15902,0.4948
15903,0.4809
15904,0.6564
15905,0.5323
15906,0.2071
15907,0.8044
15908,0.5795
15909,0.2863
15910,0.3
15911,0.6363
15912,0.1403
15913,0.2106
15914,0.4284
15915,0.3112
15916,0.5261
15917,0.7881
15918,0.9001
15919,0.6848
15920,0.3134
15921,0.6474
15922,0.8423
15923,0.7016
15924,0.4887
15925,0.4472
15926,0.6314
15927,0.2853
15928,0.6202
15929,0.9533
15930,0.3626
15931,0.163
15932,0.1158
15933,1.0378
15934,0.2468
15935,0.5696
15936,0.4225
15937,0.4885
15938,0.4611
15939,0.4502
15940,0.4966
15941,0.8592
15942,0.6968
15943,0.5005
15944,0.3139
15945,0.3578
15946,0.2271
15947,0.6663
15948,0.8087
15949,0.4446
15950,0.3044
15951,0.5027
15952,0.4172
15953,0.9995
15954,0.265
15955,0.52
15956,0.4503
15957,0.2392
15958,0.6588
15959,0.6505
15960,0.583
15961,0.5362
15962,0.2331
15963,0.2707
15964,1.3608
15965,0.3319
15966,0.3825
15967,0.3083
15968,0.8208
15969,0.5765
15970,0.2243
15971,0.1323
15972,0.2039
15973,0.7765
15974,0.38
15975,0.3044
15976,0.5835
15977,0.0759
15978,0.5821
15979,0.4302
15980,0.28
15981,0.4595
15982,0.2232
15983,0.6679
15984,0.3916
15985,0.5763
15986,0.6255
15987,0.4526
15988,0.1672
15989,0.3939
15990,0.5118
15991,0.201
15992,0.5744
15993,0.4348
15994,0.4855
15995,0.4929
15996,0.185
15997,0.1621
15998,0.3645
15999,0.9856
16000,0.8143
16001,0.5003
16002,0.2123
16003,0.1351
16004,0.3876
16005,0.7414
16006,0.6522
16007,0.3525
16008,0.2901
16009,0.1881
16010,0.2547
16011,0.5932
16012,0.4706
16013,0.164
16014,0.489
16015,0.1904
16016,0.5782
16017,0.2252
16018,0.3846
16019,0.7466
16020,0.5996
16021,0.904
16022,0.2124
16023,0.1572
16024,0.1743
16025,0.2811
16026,0.3106
16027,0.6656
16028,0.1389
16029,0.6138
16030,0.6309
16031,0.3072
16032,1.0155
16033,0.9649
16034,0.437
16035,0.5136
16036,0.7504
16037,0.3432
16038,0.5441
16039,0.3501
16040,0.4099
16041,0.4304
16042,0.6163
16043,0.8749
16044,0.1397
16045,0.8537
16046,0.2701
16047,0.4771
16048,0.313
16049,0.7908
16050,0.615
16051,0.3517
16052,0.3915
16053,0.4328
16054,0.133
16055,0.7188
16056,0.6432
16057,0.4218
16058,0.1993
16059,0.8905
16060,0.2636
16061,0.3842
16062,0.4513
16063,0.218
16064,0.2325
16065,0.6125
16066,0.8074
16067,0.5963
16068,0.1658
16069,0.9028
16070,0.748
16071,0.7653
16072,0.1393
16073,0.3521
16074,0.5367
16075,0.5015
16076,0.4925
16077,0.7366
16078,0.4654
16079,0.1798
16080,0.5536
16081,0.2447
16082,0.8511
16083,0.8553
16084,0.8106
16085,0.5046
16086,0.1708
16087,0.5654
16088,0.2936
16089,0.4096
16090,0.189
16091,0.5411
16092,0.5899
16093,0.7275
16094,0.8001
16095,0.7331
16096,0.3047
16097,0.3186
16098,0.8658
16099,0.1861
16100,0.3705
16101,0.7062
16102,0.3683
16103,0.4437
16104,0.6176
16105,0.4181
16106,0.4825
16107,0.9397
16108,0.5028
16109,0.212
16110,0.69
16111,0.1181
16112,0.7608
16113,0.7355
16114,0.6382
16115,0.3783
16116,1.1519
16117,0.5756
16118,0.2927
16119,0.6314
16120,0.6375
16121,0.1871
16122,0.5001
16123,0.4998
16124,0.9924
16125,0.4497
16126,0.4559
16127,0.7139
16128,0.42
16129,0.3623
16130,1.3163
16131,0.2448
16132,0.4138
16133,0.2591
16134,0.3372
16135,0.4533
16136,0.2894
16137,0.6117
16138,0.4043
16139,0.1839
16140,0.2952
16141,0.8458
16142,0.3939
16143,0.4481
16144,0.2127
16145,0.2368
16146,0.6088
16147,0.2364
16148,0.6143
16149,0.3344
16150,0.5469
16151,0.8745
16152,0.4182
16153,0.334
16154,0.4219
16155,0.1052
16156,0.2387
16157,0.8785
16158,0.6357
16159,0.3083
16160,0.6793
16161,0.2802
16162,0.5153
16163,0.4702
16164,0.6316
16165,0.3583
16166,0.1992
16167,1.3338
16168,0.359
16169,0.5183
16170,0.5058
16171,0.2968
16172,0.4734
16173,0.297
16174,0.4164
16175,0.385
16176,0.7006
16177,0.5973
16178,0.6387
16179,0.4565
16180,0.2402
16181,0.6283
16182,0.8557
16183,0.5383
16184,0.3375
16185,0.3355
16186,0.7697
16187,0.5424
16188,0.3269
16189,0.3228
16190,0.259
16191,0.3603
16192,0.1466
16193,0.5788
16194,0.1984
16195,0.8101
16196,0.5128
16197,0.3829
16198,0.4322
16199,0.3171
16200,0.8827
16201,0.3628
16202,0.3608
16203,0.4083
16204,0.6214
16205,0.8485
16206,0.6684
16207,0.7588
16208,0.4386
16209,0.6886
16210,0.1787
16211,0.2107
16212,0.7027
16213,0.9037
16214,0.5088
16215,0.6537
16216,0.1092
16217,0.3333
16218,0.2618
16219,0.696
16220,0.4091
16221,0.3351
16222,0.5497
16223,0.8312
16224,0.5912
16225,0.3468
16226,0.2904
16227,0.6505
16228,0.4154
16229,0.7266
16230,0.1838
16231,0.359
16232,0.6087
16233,1.2894
16234,1.0845
16235,0.2123
16236,0.326
16237,0.1634
16238,0.615
16239,0.2533
16240,0.4328
16241,0.5679
16242,0.6185
16243,0.5297
16244,0.4812
16245,0.3891
16246,0.7137
16247,0.3802
16248,0.4127
16249,0.6937
16250,0.7518
16251,0.6527
16252,0.8044
16253,0.1604
16254,0.1865
16255,0.1801
16256,0.4899
16257,0.4171
16258,0.2433
16259,0.8731
16260,0.4348
16261,0.2926
16262,0.2083
16263,0.1958
16264,0.4428
16265,0.4648
16266,0.9641
16267,0.2423
16268,0.6016
16269,1.0184
16270,0.1485
16271,0.3253
16272,0.5066
16273,0.4506
16274,0.3678
16275,0.3794
16276,0.781
16277,0.4653
16278,0.8427
16279,0.5913
16280,0.3674
16281,0.938
16282,0.4887
16283,0.5301
16284,0.7783
16285,0.9109
16286,0.1235
16287,0.6049
16288,0.499
16289,0.3815
16290,0.4899
16291,0.7546
16292,1.0537
16293,0.1785
16294,0.3467
16295,0.3495
16296,0.6655
16297,0.4155
16298,0.5448
16299,0.1666
16300,0.8275
16301,0.1336
16302,0.2429
16303,0.7968
16304,0.4925
16305,0.4904
16306,0.623
16307,0.5993
16308,0.1608
16309,0.6333
16310,0.1238
16311,0.5559
16312,0.1248
16313,1.2415
16314,0.1846
16315,0.8431
16316,0.6081
16317,0.2862
16318,0.2331
16319,0.2711
16320,0.2116
16321,0.5605
16322,0.7138
16323,0.625
16324,0.4559
16325,0.9959
16326,0.5316
16327,0.5773
16328,0.3774
16329,0.4007
16330,0.3792
16331,0.7276
16332,0.6495
16333,0.4066
16334,0.4896
16335,1.2375
16336,0.579
16337,0.9832
16338,0.4771
16339,0.4806
16340,0.2658
16341,0.2723
16342,0.66
16343,0.5151
16344,0.5181
16345,0.4695
16346,0.2108
16347,0.8697
16348,0.2001
16349,0.4435
16350,0.1421
16351,0.3995
16352,0.7323
16353,0.5403
16354,0.219
16355,0.6357
16356,0.7136
16357,0.6442
16358,0.4777
16359,0.3392
16360,0.1717
16361,0.44
16362,0.3409
16363,0.6651
16364,0.2515
16365,0.9144
16366,0.7385
16367,0.1876
16368,0.4453
16369,0.8183
16370,0.2775
16371,0.5773
16372,0.4887
16373,0.1198
16374,0.1932
16375,0.3437
16376,0.8674
16377,0.435
16378,0.6778
16379,0.139
16380,0.4444
16381,0.5156
16382,1.0064
16383,0.6209
16384,0.2814
16385,0.8511
16386,0.1727
16387,0.5606
16388,0.3139
16389,0.6451
16390,0.4309
16391,0.8058
16392,0.2638
16393,0.9223
16394,0.4073
16395,0.7681
16396,0.3902
16397,0.4917
16398,1.0881
16399,0.3169
16400,0.7467
16401,0.6472
16402,0.3135
16403,0.1582
16404,0.4819
16405,0.312
16406,0.6851
16407,0.7727
16408,0.6766
16409,0.5081
16410,0.2647
16411,0.7592
16412,0.2754
16413,0.2982
16414,0.7729
16415,0.2178
16416,0.2661
16417,1.2216
16418,0.352
16419,0.2857
16420,0.2463
16421,0.4813
16422,0.7687
16423,0.3681
16424,0.2079
16425,0.3446
16426,0.4126
16427,0.3641
16428,1.0024
16429,0.3512
16430,0.6624
16431,0.2619
16432,0.645
16433,0.6984
16434,0.4639
16435,0.5253
16436,0.3224
16437,0.4502
16438,0.2356
16439,0.3472
16440,0.3495
16441,0.4209
16442,0.8252
16443,0.3058
16444,0.4904
16445,0.3483
16446,0.57
16447,0.5931
16448,0.5761
16449,0.2996
16450,0.891
16451,0.14
16452,0.3546
16453,1.2298
16454,0.5494
16455,0.7451
16456,0.8991
16457,0.6375
16458,0.4388
16459,0.3058
16460,1.2869
16461,0.7323
16462,0.8977
16463,0.8325
16464,0.73
16465,0.1574
16466,1.2066
16467,0.5948
16468,0.3025
16469,0.1769
16470,0.2064
16471,0.7605
16472,0.5917
16473,0.4154
16474,0.1607
16475,0.5365
16476,1.2593
16477,0.4284
16478,0.1897
16479,0.4135
16480,0.3132
16481,0.3192
16482,0.2341
16483,0.0915
16484,0.4233
16485,0.6612
16486,0.18
16487,0.3743
16488,0.1791
16489,0.1593
16490,0.7466
16491,0.7031
16492,0.4337
16493,0.6953
16494,0.6666
16495,0.2559
16496,0.7385
16497,0.2736
16498,0.5655
16499,0.6549
16500,0.2269
16501,0.1484
16502,0.4552
16503,0.4253
16504,0.3752
16505,0.3262
16506,0.3816
16507,0.4379
16508,0.948
16509,0.4007
16510,0.3018
16511,0.8154
16512,0.1251
16513,1.0592
16514,0.663
16515,0.1855
16516,0.3359
16517,0.4181
16518,0.1755
16519,0.5189
16520,0.541
16521,0.2699
16522,0.8703
16523,0.5128
16524,0.3049
16525,0.6248
16526,0.3951
16527,0.3769
16528,0.3945
16529,0.9117
16530,0.8286
16531,0.5792
16532,0.367
16533,0.245
16534,0.2706
16535,0.1319
16536,0.3338
16537,0.5221
16538,0.3397
16539,1.3966
16540,0.5776
16541,0.6099
16542,0.4463
16543,0.4026
16544,0.3081
16545,0.5971
16546,0.1296
16547,0.4277
16548,0.3369
16549,0.5083
16550,0.6478
16551,0.4094
16552,0.3593
16553,0.2664
16554,0.5781
16555,0.4517
16556,0.9833
16557,0.279
16558,0.1278
16559,0.5629
16560,0.3368
16561,0.3491
16562,0.5608
16563,0.7368
16564,0.6428
16565,0.2021
16566,0.2691
16567,0.3287
16568,0.9154
16569,0.1373
16570,0.6591
16571,0.3795
16572,0.3941
16573,0.7531
16574,0.4949
16575,0.7835
16576,0.5846
16577,1.1158
16578,0.321
16579,0.4297
16580,0.2079
16581,0.3393
16582,0.4149
16583,0.2681
16584,0.4084
16585,0.6453
16586,0.8634
16587,0.2419
16588,0.3575
16589,0.1353
16590,0.6946
16591,0.9306
16592,0.4411
16593,0.5122
16594,0.5525
16595,0.4524
16596,0.6907
16597,0.135
16598,0.4514
16599,0.2073
16600,0.6758
16601,0.3837
16602,0.2755
16603,0.3317
16604,0.6504
16605,0.5332
16606,0.8366
16607,0.2155
16608,0.4606
16609,0.1987
16610,0.5943
16611,0.9022
16612,0.2533
16613,0.3202
16614,0.391
16615,0.4476
16616,0.3542
16617,0.3746
16618,0.286
16619,0.3992
16620,0.3284
16621,0.7407
16622,0.3308
16623,0.4479
16624,0.5004
16625,1.1558
16626,0.3765
16627,0.1596
16628,0.4002
16629,0.4359
16630,0.4606
16631,0.7062
16632,0.5772
16633,0.3684
16634,0.2751
16635,0.2594
16636,0.245
16637,0.5818
16638,0.4736
16639,0.4581
16640,0.3677
16641,0.3208
16642,0.545
16643,0.4394
16644,0.1584
16645,0.3739
16646,0.3354
16647,0.3335
16648,0.3891
16649,0.7811
16650,0.4023
16651,0.5001
16652,0.6426
16653,0.3727
16654,0.3672
16655,0.7077
16656,0.8365
16657,1.0061
16658,0.2295
16659,0.4197
16660,0.4525
16661,1.0213
16662,0.3192
16663,0.3818
16664,0.8437
16665,0.3022
16666,0.2872
16667,0.18
16668,0.5532
16669,0.5279
16670,0.3895
16671,0.4575
16672,0.4553
16673,0.5052
16674,0.2242
16675,0.2986
16676,0.3867
16677,0.2135
16678,0.5678
16679,0.3274
16680,0.5915
16681,0.7448
16682,0.2481
16683,0.5245
16684,0.8544
16685,0.2445
16686,0.2545
16687,0.4266
16688,0.6053
16689,0.2265
16690,1.083
16691,0.2766
16692,0.5761
16693,0.2285
16694,0.5731
16695,0.2853
16696,0.1833
16697,0.1876
16698,0.577
16699,0.1305
16700,0.795
16701,0.3775
16702,0.3482
16703,0.2972
16704,0.3914
16705,0.1543
16706,0.3237
16707,0.7464
16708,0.5275
16709,0.5084
16710,0.9639
16711,0.4154
16712,0.575
16713,0.7705
16714,0.3896
16715,0.2857
16716,0.5921
16717,0.532
16718,0.652
16719,0.8374
16720,0.4135
16721,0.3832
16722,0.8202
16723,0.413
16724,0.4274
16725,0.5866
16726,0.3423
16727,0.0998
16728,0.3407
16729,0.8154
16730,0.7068
16731,0.3067
16732,0.3266
16733,0.5545
16734,0.5274
16735,0.8343
16736,0.4572
16737,0.2267
16738,0.5254
16739,0.5
16740,0.6444
16741,0.5278
16742,0.4308
16743,0.6493
16744,0.4729
16745,0.2505
16746,0.3255
16747,0.241
16748,0.157
16749,0.8469
16750,0.3115
16751,0.3468
16752,0.3035
16753,0.7381
16754,0.3112
16755,0.4576
16756,0.1716
16757,0.6405
16758,0.5359
16759,0.2062
16760,0.6147
16761,0.7081
16762,0.6664
16763,0.1499
16764,0.1612
16765,0.5984
16766,0.7375
16767,0.1881
16768,0.2546
16769,0.399
16770,0.5273
16771,0.3592
16772,0.1809
16773,0.3342
16774,0.479
16775,0.5083
16776,0.3913
16777,0.2723
16778,0.2814
16779,0.2631
16780,0.594
16781,0.2427
16782,0.3922
16783,0.4474
16784,0.6719
16785,0.4398
16786,0.309
16787,0.3946
16788,0.1441
16789,1.2167
16790,0.0867
16791,0.4336
16792,0.1851
16793,0.757
16794,0.8062
16795,0.116
16796,0.5898
16797,0.2327
16798,0.7707
16799,0.2939
16800,0.4523
16801,0.349
16802,0.2834
16803,0.2742
16804,0.3008
16805,0.2396
16806,0.1758
16807,0.2772
16808,0.195
16809,0.5554
16810,0.9554
16811,0.2038
16812,0.2811
16813,0.756
16814,0.6096
16815,0.1261
16816,0.4157
16817,0.1376
16818,0.5493
16819,0.5165
16820,0.5326
16821,0.5324
16822,0.6605
16823,0.6412
16824,1.0119
16825,0.6516
16826,0.572
16827,0.1741
16828,0.2767
16829,0.4615
16830,0.2571
16831,0.4175
16832,0.2669
16833,0.4871
16834,0.7424
16835,0.7925
16836,0.7524
16837,0.8965
16838,0.2159
16839,0.3427
16840,0.3906
16841,0.4581
16842,0.4335
16843,0.2694
16844,0.5824
16845,0.6613
16846,0.2675
16847,0.1143
16848,0.2905
16849,1.0044
16850,0.4496
16851,0.7982
16852,0.4599
16853,0.6459
16854,0.1971
16855,0.3354
16856,0.4871
16857,1.0617
16858,0.6848
16859,0.3552
16860,0.1881
16861,0.7366
16862,0.3286
16863,0.9841
16864,0.9496
16865,0.3867
16866,0.6363
16867,0.4434
16868,1.2221
16869,0.7992
16870,0.5943
16871,0.6853
16872,0.1505
16873,0.2059
16874,0.6403
16875,0.5543
16876,0.94
16877,0.1436
16878,0.611
16879,0.3328
16880,0.4398
16881,0.1732
16882,0.6919
16883,0.9635
16884,0.4497
16885,0.7272
16886,0.5269
16887,0.488
16888,0.7941
16889,0.6231
16890,0.1932
16891,0.3273
16892,0.6761
16893,0.3897
16894,0.54
16895,0.7261
16896,0.7556
16897,0.4579
16898,0.1308
16899,0.214
16900,0.3172
16901,0.6821
16902,1.2835
16903,0.3699
16904,0.666
16905,0.4195
16906,0.3734
16907,0.5197
16908,0.3882
16909,0.8083
16910,0.1199
16911,0.7914
16912,0.4997
16913,0.442
16914,0.3744
16915,0.4533
16916,0.4078
16917,0.3811
16918,0.2612
16919,0.7641
16920,0.3262
16921,0.3345
16922,0.2963
16923,0.5652
16924,0.4133
16925,0.926
16926,0.2405
16927,0.4558
16928,0.6876
16929,0.3021
16930,0.2056
16931,0.1251
16932,0.5792
16933,0.7686
16934,0.3325
16935,0.2523
16936,0.3887
16937,0.347
16938,0.2253
16939,0.4155
16940,0.5146
16941,0.3942
16942,0.8794
16943,0.2644
16944,0.4303
16945,0.7969
16946,0.3281
16947,0.6526
16948,0.2279
16949,0.7336
16950,0.5859
16951,0.4883
16952,0.2022
16953,0.3657
16954,0.3821
16955,0.3137
16956,0.6717
16957,0.4175
16958,0.4614
16959,0.8093
16960,0.4008
16961,0.1451
16962,0.4797
16963,0.6104
16964,0.8158
16965,0.6826
16966,0.5934
16967,0.5199
16968,0.3303
16969,1.5104
16970,0.6286
16971,0.4394
16972,0.2835
16973,0.7347
16974,0.1814
16975,0.3756
16976,0.7801
16977,0.3365
16978,0.4938
16979,0.3792
16980,0.8554
16981,0.2435
16982,0.2004
16983,0.2366
16984,0.4437
16985,0.7247
16986,0.791
16987,0.4445
16988,0.5952
16989,0.6384
16990,0.2131
16991,0.3276
16992,0.4218
16993,0.6241
16994,0.4209
16995,0.281
16996,0.7175
16997,0.3381
16998,0.7766
16999,0.1162
17000,0.567
17001,0.2869
17002,0.5171
17003,0.2578
17004,0.3618
17005,0.3096
17006,0.2131
17007,0.8066
17008,0.8303
17009,0.2557
17010,0.7658
17011,0.2608
17012,0.3117
17013,0.2459
17014,0.3838
17015,0.8609
17016,0.5698
17017,0.402
17018,0.3783
17019,0.7549
17020,0.4757
17021,0.1126
17022,0.1548
17023,0.1473
17024,0.2913
17025,0.7005
17026,0.1597
17027,1.3034
17028,0.5142
17029,0.9343
17030,0.3918
17031,0.2858
17032,0.8619
17033,0.487
17034,0.8973
17035,0.9846
17036,0.5207
17037,1.0533
17038,0.2862
17039,0.2728
17040,0.3921
17041,0.37
17042,0.5042
17043,0.1892
17044,0.3657
17045,0.196
17046,0.3001
17047,0.1604
17048,0.5003
17049,0.4608
17050,0.1306
17051,0.442
17052,0.4798
17053,0.5283
17054,0.501
17055,0.8952
17056,0.6822
17057,0.3455
17058,0.6124
17059,0.4621
17060,0.2951
17061,0.2839
17062,0.2888
17063,0.5987
17064,0.7
17065,0.1353
17066,0.2812
17067,0.5672
17068,1.2704
17069,0.4452
17070,0.4011
17071,0.1405
17072,0.1807
17073,0.1867
17074,0.6179
17075,0.2095
17076,0.6762
17077,0.7402
17078,0.3866
17079,0.6983
17080,0.2715
17081,0.6075
17082,0.4298
17083,0.4829
17084,1.0375
17085,0.1694
17086,0.3421
17087,0.9555
17088,0.4976
17089,0.6269
17090,0.516
17091,0.6966
17092,0.4279
17093,0.4954
17094,0.5411
17095,0.6401
17096,0.4966
17097,0.5892
17098,0.3229
17099,0.3839
17100,0.2514
17101,0.2774
17102,0.4338
17103,0.2429
17104,0.8262
17105,0.7572
17106,0.3068
17107,0.3939
17108,0.5121
17109,0.1817
17110,0.2432
17111,0.4552
17112,0.5061
17113,0.1486
17114,0.58
17115,0.7862
17116,0.4076
17117,1.1684
17118,0.2301
17119,0.2608
17120,0.6452
17121,0.515
17122,0.1356
17123,0.6037
17124,0.4309
17125,0.6933
17126,0.358
17127,0.4339
17128,0.5536
17129,0.8503
17130,0.4435
17131,1.0599
17132,0.4315
17133,0.3928
17134,0.238
17135,0.847
17136,0.4796
17137,0.5962
17138,0.3332
17139,0.6468
17140,0.1907
17141,0.6401
17142,0.5918
17143,0.3638
17144,0.2742
17145,1.1595
17146,0.1702
17147,0.1615
17148,0.5948
17149,1.1932
17150,0.2723
17151,0.4498
17152,0.5481
17153,0.8068
17154,0.57
17155,0.7848
17156,0.4831
17157,0.8297
17158,0.5268
17159,0.196
17160,0.5604
17161,0.3711
17162,0.5634
17163,0.9236
17164,0.3972
17165,0.5964
17166,0.4259
17167,0.6624
17168,0.2218
17169,0.3564
17170,0.2868
17171,0.3963
17172,0.3024
17173,0.5682
17174,0.2458
17175,0.6602
17176,0.3782
17177,0.3499
17178,0.567
17179,0.7596
17180,0.2691
17181,0.3164
17182,0.3127
17183,0.9357
17184,0.6277
17185,0.3673
17186,0.5661
17187,0.5364
17188,0.21
17189,0.3722
17190,0.2848
17191,1.0646
17192,0.6854
17193,0.1747
17194,0.4734
17195,0.1751
17196,0.6862
17197,0.4304
17198,0.3504
17199,0.4713
17200,0.4904
17201,0.48
17202,0.5731
17203,0.2154
17204,0.5636
17205,0.1978
17206,0.4953
17207,0.6431
17208,0.1405
17209,0.3438
17210,0.7921
17211,0.3861
17212,0.6866
17213,0.6879
17214,0.6897
17215,0.1663
17216,0.2542
17217,0.3437
17218,0.4002
17219,0.1974
17220,0.5724
17221,0.4655
17222,0.2809
17223,0.3489
17224,0.5279
17225,0.6338
17226,0.3879
17227,0.159
17228,0.1521
17229,0.4436
17230,1.1335
17231,0.29
17232,0.6971
17233,0.7158
17234,0.2152
17235,0.366
17236,0.4456
17237,0.292
17238,0.2105
17239,0.1733
17240,0.6171
17241,0.3088
17242,0.5489
17243,0.177
17244,0.3915
17245,0.4344
17246,0.5999
17247,0.2475
17248,0.2685
17249,0.445
17250,0.1903
17251,0.7123
17252,0.4269
17253,0.2657
17254,0.4052
17255,0.3356
17256,0.657
17257,0.5724
17258,0.4846
17259,0.4996
17260,0.5606
17261,0.9525
17262,0.9115
17263,0.4742
17264,0.5363
17265,0.3586
17266,0.561
17267,0.3145
17268,0.6081
17269,0.3079
17270,0.3306
17271,0.4345
17272,0.7891
17273,0.2052
17274,1.1357
17275,0.4577
17276,1.0431
17277,0.5013
17278,0.5105
17279,0.3436
17280,0.4659
17281,0.6482
17282,0.3993
17283,0.3612
17284,0.3364
17285,0.848
17286,0.409
17287,0.4642
17288,0.7915
17289,0.529
17290,0.3667
17291,0.859
17292,1.3394
17293,0.7645
17294,0.5037
17295,0.4761
17296,0.5749
17297,0.3598
17298,0.306
17299,0.5013
17300,0.3046
17301,0.6582
17302,0.7466
17303,0.2276
17304,0.8127
17305,0.153
17306,0.6386
17307,0.3969
17308,1.3526
17309,0.4312
17310,0.1391
17311,0.2357
17312,0.2533
17313,1.2771
17314,0.3784
17315,0.3931
17316,0.2998
17317,0.4407
17318,0.1899
17319,0.5079
17320,0.5208
17321,0.1907
17322,0.7561
17323,0.8809
17324,0.2262
17325,0.6434
17326,0.1612
17327,0.4462
17328,0.4129
17329,0.2136
17330,0.6307
17331,0.7502
17332,0.1434
17333,0.1654
17334,0.2267
17335,0.5019
17336,0.4137
17337,0.3272
17338,0.7348
17339,0.2251
17340,0.5791
17341,0.1851
17342,0.9364
17343,0.2218
17344,0.1218
17345,0.2257
17346,0.2485
17347,0.1335
17348,0.5291
17349,0.8981
17350,0.2935
17351,0.5733
17352,0.7878
17353,0.6712
17354,0.4399
17355,0.7963
17356,0.2893
17357,0.1597
17358,0.1679
17359,0.1408
17360,0.6954
17361,0.7023
17362,0.243
17363,0.7669
17364,0.4125
17365,0.3721
17366,0.2982
17367,0.4589
17368,0.1841
17369,0.1818
17370,0.412
17371,0.7891
17372,0.4609
17373,0.5017
17374,0.5732
17375,0.2862
17376,0.1904
17377,1.0465
17378,0.1774
17379,0.1833
17380,0.3726
17381,0.4089
17382,0.2281
17383,0.4939
17384,0.2536
17385,1.1741
17386,0.2266
17387,0.4631
17388,0.1643
17389,0.2671
17390,0.7429
17391,0.4099
17392,0.4313
17393,0.2856
17394,0.5054
17395,0.8278
17396,0.4773
17397,0.4514
17398,0.6114
17399,0.2572
17400,0.4464
17401,0.5936
17402,0.6305
17403,0.8848
17404,0.3776
17405,0.6725
17406,0.3604
17407,0.2701
17408,0.8379
17409,1.058
17410,0.3874
17411,0.7555
17412,0.4368
17413,0.6307
17414,0.5534
17415,0.4637
17416,0.9554
17417,0.3899
17418,0.5095
17419,0.584
17420,0.1985
17421,0.6831
17422,0.5559
17423,0.3849
17424,0.8072
17425,1.0557
17426,0.3847
17427,0.409
17428,0.341
17429,0.2573
17430,0.3322
17431,1.0421
17432,0.2659
17433,0.202
17434,0.2443
17435,0.4223
17436,0.7259
17437,0.2156
17438,0.9525
17439,0.5526
17440,0.5609
17441,0.6848
17442,0.5404
17443,0.5788
17444,0.2698
17445,0.6377
17446,0.3893
17447,0.5605
17448,0.2457
17449,0.3701
17450,0.4695
17451,0.6195
17452,0.8449
17453,0.7942
17454,0.8429
17455,0.8132
17456,0.7801
17457,0.3047
17458,0.2218
17459,0.377
17460,0.7636
17461,0.5405
17462,0.3306
17463,0.4361
17464,0.3368
17465,0.367
17466,0.4441
17467,1.2819
17468,0.2443
17469,0.3148
17470,1.153
17471,0.3323
17472,0.3186
17473,0.1981
17474,0.376
17475,0.6149
17476,0.9299
17477,0.3862
17478,0.9261
17479,0.1999
17480,0.4295
17481,0.4132
17482,0.5839
17483,0.3654
17484,0.6121
17485,0.6362
17486,0.8142
17487,0.5059
17488,0.3374
17489,0.2775
17490,0.7352
17491,0.4567
17492,0.6273
17493,0.1469
17494,0.5681
17495,0.1769
17496,0.1637
17497,0.4066
17498,0.5364
17499,0.2937
17500,0.4259
17501,0.3203
17502,0.3253
17503,0.9001
17504,0.4802
17505,0.9784
17506,0.691
17507,0.3306
17508,0.1113
17509,0.7629
17510,0.219
17511,0.3771
17512,0.532
17513,0.6831
17514,0.3881
17515,0.5243
17516,0.7086
17517,0.238
17518,0.8555
17519,0.7276
17520,0.8631
17521,0.5513
17522,0.4205
17523,0.3665
17524,0.3158
17525,0.698
17526,0.4168
17527,0.3381
17528,1.1222
17529,0.5197
17530,0.5857
17531,0.7253
17532,1.0487
17533,0.3312
17534,0.4651
17535,0.1816
17536,0.6038
17537,0.6487
17538,0.3696
17539,0.5271
17540,0.2379
17541,1.381
17542,0.2072
17543,0.8182
17544,0.8136
17545,1.2652
17546,0.2742
17547,0.3607
17548,0.531
17549,0.1949
17550,0.8379
17551,0.7589
17552,0.2
17553,0.5071
17554,0.1694
17555,0.3755
17556,0.4634
17557,0.414
17558,0.6385
17559,1.6035
17560,0.4286
17561,0.3849
17562,0.3135
17563,0.3138
17564,0.5585
17565,0.6426
17566,0.448
17567,0.4383
17568,0.5113
17569,1.1326
17570,0.4262
17571,0.4598
17572,0.1682
17573,0.4881
17574,0.2819
17575,0.2266
17576,0.1477
17577,0.4829
17578,0.4158
17579,0.6221
17580,0.3558
17581,0.5213
17582,0.686
17583,0.9328
17584,0.9053
17585,0.5214
17586,0.5585
17587,0.548
17588,0.3206
17589,0.1621
17590,0.4038
17591,0.3064
17592,0.3322
17593,0.1936
17594,0.3633
17595,0.4435
17596,0.3094
17597,0.4957
17598,0.4212
17599,0.2784
17600,0.2259
17601,0.7411
17602,0.5
17603,0.5419
17604,0.5878
17605,0.2194
17606,0.8823
17607,0.5039
17608,1.1239
17609,0.3564
17610,0.2989
17611,0.7302
17612,0.2492
17613,0.2258
17614,0.569
17615,0.6104
17616,0.5442
17617,0.5595
17618,0.3381
17619,0.223
17620,0.2179
17621,0.3343
17622,0.2083
17623,0.6207
17624,0.2457
17625,0.5598
17626,0.75
17627,0.1718
17628,0.2577
17629,0.5307
17630,0.4237
17631,0.8405
17632,0.1931
17633,0.3792
17634,0.3281
17635,0.3293
17636,0.4084
17637,0.1775
17638,0.6934
17639,0.401
17640,0.3461
17641,0.3913
17642,0.5411
17643,0.6052
17644,0.1934
17645,0.8206
17646,0.4251
17647,0.2422
17648,0.7943
17649,0.2717
17650,0.1609
17651,0.8329
17652,0.1563
17653,0.224
17654,0.2613
17655,0.3095
17656,0.3222
17657,0.6217
17658,0.2407
17659,0.659
17660,0.1198
17661,0.6528
17662,0.2189
17663,0.4835
17664,0.8443
17665,0.5889
17666,0.4361
17667,0.7698
17668,0.1924
17669,0.3778
17670,0.6392
17671,0.7442
17672,0.3606
17673,0.3626
17674,0.4138
17675,0.3501
17676,0.3982
17677,1.1143
17678,0.7714
17679,0.7249
17680,0.3527
17681,0.2872
17682,0.3727
17683,0.2622
17684,0.2292
17685,0.5501
17686,0.5891
17687,0.7953
17688,0.4526
17689,0.2524
17690,0.1591
17691,0.5675
17692,0.6373
17693,0.663
17694,0.5751
17695,0.1854
17696,0.6141
17697,1.0487
17698,1.0536
17699,0.353
17700,0.7768
17701,0.1618
17702,0.548
17703,0.1567
17704,0.4703
17705,0.2581
17706,0.3439
17707,0.7205
17708,1.082
17709,0.4358
17710,0.2702
17711,0.5893
17712,0.5528
17713,0.6644
17714,0.6261
17715,0.9499
17716,0.3867
17717,0.2345
17718,0.9524
17719,0.6303
17720,0.8327
17721,0.1633
17722,0.2718
17723,0.3059
17724,0.4437
17725,0.4218
17726,0.9097
17727,0.566
17728,0.8027
17729,0.7439
17730,0.4984
17731,0.3204
17732,0.644
17733,0.1516
17734,0.7064
17735,0.4228
17736,0.6702
17737,0.1536
17738,0.3488
17739,0.1981
17740,0.2028
17741,0.6347
17742,0.4629
17743,0.5141
17744,0.5664
17745,0.7455
17746,1.0127
17747,0.1813
17748,0.4683
17749,0.5673
17750,1.0651
17751,0.6626
17752,0.6306
17753,0.5783
17754,0.6655
17755,0.268
17756,0.1785
17757,0.307
17758,0.3017
17759,0.6025
17760,0.4568
17761,0.4522
17762,0.6577
17763,0.5013
17764,0.4123
17765,0.3792
17766,0.1729
17767,0.2514
17768,0.6278
17769,0.7092
17770,0.5239
17771,0.2512
17772,0.3828
17773,0.2041
17774,0.3365
17775,0.2615
17776,0.7886
17777,1.0748
17778,0.235
17779,0.2124
17780,0.373
17781,0.153
17782,0.3477
17783,0.3873
17784,0.3727
17785,0.1901
17786,0.7353
17787,0.6981
17788,0.2177
17789,0.535
17790,0.8332
17791,0.1772
17792,1.0778
17793,0.618
17794,0.4398
17795,0.2745
17796,0.6229
17797,0.5792
17798,0.6091
17799,0.7705
17800,0.1395
17801,0.7729
17802,0.5123
17803,0.1781
17804,0.759
17805,0.4755
17806,0.2812
17807,0.6061
17808,0.423
17809,0.277
17810,0.4525
17811,0.794
17812,0.393
17813,0.3207
17814,0.5606
17815,0.5615
17816,0.2092
17817,0.1447
17818,0.5637
17819,0.3572
17820,0.3849
17821,0.5881
17822,0.6684
17823,0.6185
17824,0.4939
17825,0.6559
17826,0.1494
17827,0.315
17828,1.0017
17829,0.7424
17830,0.6807
17831,0.7208
17832,0.5037
17833,0.3486
17834,0.3193
17835,0.6608
17836,0.5519
17837,0.2052
17838,0.7492
17839,0.8229
17840,0.2285
17841,0.8457
17842,0.1697
17843,0.3807
17844,0.2801
17845,0.6955
17846,0.685
17847,0.2226
17848,0.3025
17849,0.4234
17850,0.386
17851,0.5621
17852,0.3175
17853,0.6598
17854,0.5095
17855,0.4671
17856,0.444
